date,corridor,indicator,indicator_label,scenario,direction,strength,speed,split,rate,params,facts
2021-02-08,AMD,momentum,"momentum(n=4,rearm=3)",BUY_NOW,down,0.5,fast,0,0.141921,"{""n"": 4, ""rearm"": 3, ""_feasible"": true, ""_n_feasible"": 3, ""_score"": 0.8279}","{""streak"": 4.0, ""drop_pct"": -3.0647232391672663}"
2021-02-10,AMD,level,"level(pct=0.15,rearm=5,stall_days=3,window=250)",BUY_NOW,down,0.09333333333333327,medium,0,0.140927,"{""window"": 250, ""pct"": 0.15, ""stall_days"": 3, ""rearm"": 5, ""_feasible"": true, ""_n_feasible"": 16, ""_score"": 1.5696}","{""pct_rank"": 0.136, ""window"": 250.0, ""days_since_min"": 245.0}"
2021-02-11,AMD,momentum,"momentum(n=4,rearm=3)",BUY_NOW,down,0.875,fast,0,0.140746,"{""n"": 4, ""rearm"": 3, ""_feasible"": true, ""_n_feasible"": 3, ""_score"": 0.8279}","{""streak"": 7.0, ""drop_pct"": -3.8672750122944133}"
2021-02-17,AMD,level,"level(pct=0.15,rearm=5,stall_days=3,window=250)",BUY_NOW,down,0.1466666666666666,medium,0,0.140898,"{""window"": 250, ""pct"": 0.15, ""stall_days"": 3, ""rearm"": 5, ""_feasible"": true, ""_n_feasible"": 16, ""_score"": 1.5696}","{""pct_rank"": 0.128, ""window"": 250.0, ""days_since_min"": 246.0}"
2021-02-25,AMD,level,"level(pct=0.15,rearm=5,stall_days=3,window=250)",BUY_NOW,down,0.6266666666666667,medium,0,0.139355,"{""window"": 250, ""pct"": 0.15, ""stall_days"": 3, ""rearm"": 5, ""_feasible"": true, ""_n_feasible"": 16, ""_score"": 1.5696}","{""pct_rank"": 0.056, ""window"": 250.0, ""days_since_min"": 248.0}"
2021-02-26,AMD,reversal,"reversal(max_days_since_min=5,rearm=3,rise_bps=80,window=60)",WINDOW_CLOSING,up,0.7588532883642529,slow,0,0.141047,"{""window"": 60, ""rise_bps"": 80, ""max_days_since_min"": 5, ""rearm"": 3, ""_feasible"": true, ""_n_feasible"": 18, ""_score"": 1.6467}","{""rise_pct"": 1.2141652613828047, ""min_rate"": 0.139355, ""days_since_min"": 1.0, ""window"": 60.0}"
2021-03-04,AMD,level,"level(pct=0.15,rearm=5,stall_days=3,window=250)",BUY_NOW,down,0.4666666666666667,medium,0,0.140345,"{""window"": 250, ""pct"": 0.15, ""stall_days"": 3, ""rearm"": 5, ""_feasible"": true, ""_n_feasible"": 16, ""_score"": 1.5696}","{""pct_rank"": 0.08, ""window"": 250.0, ""days_since_min"": 249.0}"
2021-03-12,AMD,level,"level(pct=0.15,rearm=5,stall_days=3,window=250)",BUY_NOW,down,0.8133333333333334,medium,0,0.139418,"{""window"": 250, ""pct"": 0.15, ""stall_days"": 3, ""rearm"": 5, ""_feasible"": true, ""_n_feasible"": 16, ""_score"": 1.5696}","{""pct_rank"": 0.028, ""window"": 250.0, ""days_since_min"": 247.0}"
2021-03-18,AMD,reversal,"reversal(max_days_since_min=5,rearm=3,rise_bps=80,window=60)",WINDOW_CLOSING,up,0.5666372653922863,slow,0,0.13957,"{""window"": 60, ""rise_bps"": 80, ""max_days_since_min"": 5, ""rearm"": 3, ""_feasible"": true, ""_n_feasible"": 18, ""_score"": 1.6467}","{""rise_pct"": 0.9066196246276581, ""min_rate"": 0.138316, ""days_since_min"": 2.0, ""window"": 60.0}"
2021-03-19,AMD,level,"level(pct=0.15,rearm=5,stall_days=3,window=250)",BUY_NOW,down,0.4666666666666667,medium,0,0.140481,"{""window"": 250, ""pct"": 0.15, ""stall_days"": 3, ""rearm"": 5, ""_feasible"": true, ""_n_feasible"": 16, ""_score"": 1.5696}","{""pct_rank"": 0.08, ""window"": 250.0, ""days_since_min"": 3.0}"
2021-03-23,AMD,reversal,"reversal(max_days_since_min=5,rearm=3,rise_bps=80,window=60)",WINDOW_CLOSING,up,1.0,slow,0,0.142792,"{""window"": 60, ""rise_bps"": 80, ""max_days_since_min"": 5, ""rearm"": 3, ""_feasible"": true, ""_n_feasible"": 18, ""_score"": 1.6467}","{""rise_pct"": 3.2360681338384545, ""min_rate"": 0.138316, ""days_since_min"": 5.0, ""window"": 60.0}"
2021-03-31,AMD,momentum,"momentum(n=4,rearm=3)",BUY_NOW,down,0.5,fast,0,0.142914,"{""n"": 4, ""rearm"": 3, ""_feasible"": true, ""_n_feasible"": 3, ""_score"": 0.8279}","{""streak"": 4.0, ""drop_pct"": -0.939217711358642}"
2021-04-20,AMD,seasonality,"seasonality(from_day=20,min_share=0.5,min_years=4,rearm=20)",BUY_NOW,down,0.5,slow,0,0.145498,"{""min_share"": 0.5, ""min_years"": 4, ""from_day"": 20, ""rearm"": 20, ""_feasible"": true, ""_n_feasible"": 8, ""_score"": 1.0359}","{""k_years"": 3.0, ""n_years"": 6.0, ""target_month"": 5.0}"
2021-05-11,AMD,momentum,"momentum(n=4,rearm=3)",BUY_NOW,down,0.5,fast,0,0.141962,"{""n"": 4, ""rearm"": 3, ""_feasible"": true, ""_n_feasible"": 3, ""_score"": 0.8279}","{""streak"": 4.0, ""drop_pct"": -1.7897045292599834}"
2021-05-20,AMD,seasonality,"seasonality(from_day=20,min_share=0.5,min_years=4,rearm=20)",BUY_NOW,down,0.5,slow,0,0.141344,"{""min_share"": 0.5, ""min_years"": 4, ""from_day"": 20, ""rearm"": 20, ""_feasible"": true, ""_n_feasible"": 8, ""_score"": 1.0359}","{""k_years"": 3.0, ""n_years"": 6.0, ""target_month"": 6.0}"
2021-05-25,AMD,level,"level(pct=0.15,rearm=5,stall_days=3,window=250)",BUY_NOW,down,0.22666666666666657,medium,0,0.140989,"{""window"": 250, ""pct"": 0.15, ""stall_days"": 3, ""rearm"": 5, ""_feasible"": true, ""_n_feasible"": 16, ""_score"": 1.5696}","{""pct_rank"": 0.116, ""window"": 250.0, ""days_since_min"": 48.0}"
2021-06-01,AMD,level,"level(pct=0.15,rearm=5,stall_days=3,window=250)",BUY_NOW,down,0.33333333333333326,medium,0,0.140683,"{""window"": 250, ""pct"": 0.15, ""stall_days"": 3, ""rearm"": 5, ""_feasible"": true, ""_n_feasible"": 16, ""_score"": 1.5696}","{""pct_rank"": 0.1, ""window"": 250.0, ""days_since_min"": 53.0}"
2021-06-08,AMD,level,"level(pct=0.15,rearm=5,stall_days=3,window=250)",BUY_NOW,down,0.5733333333333333,medium,0,0.140044,"{""window"": 250, ""pct"": 0.15, ""stall_days"": 3, ""rearm"": 5, ""_feasible"": true, ""_n_feasible"": 16, ""_score"": 1.5696}","{""pct_rank"": 0.064, ""window"": 250.0, ""days_since_min"": 58.0}"
2021-06-16,AMD,reversal,"reversal(max_days_since_min=5,rearm=3,rise_bps=80,window=60)",WINDOW_CLOSING,up,0.7457239725580933,slow,0,0.139684,"{""window"": 60, ""rise_bps"": 80, ""max_days_since_min"": 5, ""rearm"": 3, ""_feasible"": true, ""_n_feasible"": 18, ""_score"": 1.6467}","{""rise_pct"": 1.1931583560929493, ""min_rate"": 0.138037, ""days_since_min"": 2.0, ""window"": 60.0}"
2021-06-17,AMD,level,"level(pct=0.15,rearm=5,stall_days=3,window=250)",BUY_NOW,down,0.52,medium,0,0.139903,"{""window"": 250, ""pct"": 0.15, ""stall_days"": 3, ""rearm"": 5, ""_feasible"": true, ""_n_feasible"": 16, ""_score"": 1.5696}","{""pct_rank"": 0.072, ""window"": 250.0, ""days_since_min"": 3.0}"
2021-06-21,AMD,reversal,"reversal(max_days_since_min=5,rearm=3,rise_bps=80,window=60)",WINDOW_CLOSING,up,1.0,slow,0,0.141406,"{""window"": 60, ""rise_bps"": 80, ""max_days_since_min"": 5, ""rearm"": 3, ""_feasible"": true, ""_n_feasible"": 18, ""_score"": 1.6467}","{""rise_pct"": 2.440649970660047, ""min_rate"": 0.138037, ""days_since_min"": 5.0, ""window"": 60.0}"
2021-06-21,AMD,seasonality,"seasonality(from_day=20,min_share=0.5,min_years=4,rearm=20)",BUY_NOW,down,0.6666666666666666,slow,0,0.141406,"{""min_share"": 0.5, ""min_years"": 4, ""from_day"": 20, ""rearm"": 20, ""_feasible"": true, ""_n_feasible"": 8, ""_score"": 1.0359}","{""k_years"": 4.0, ""n_years"": 6.0, ""target_month"": 7.0}"
2021-07-20,AMD,seasonality,"seasonality(from_day=20,min_share=0.5,min_years=4,rearm=20)",BUY_NOW,down,0.8333333333333334,slow,1,0.150563,"{""min_share"": 0.5, ""min_years"": 4, ""from_day"": 20, ""rearm"": 20, ""_feasible"": true, ""_n_feasible"": 8, ""_score"": 1.0696}","{""k_years"": 5.0, ""n_years"": 6.0, ""target_month"": 8.0}"
2021-08-04,AMD,momentum,"momentum(n=4,rearm=3)",BUY_NOW,down,0.5,fast,1,0.14877,"{""n"": 4, ""rearm"": 3, ""_feasible"": true, ""_n_feasible"": 3, ""_score"": 0.8279}","{""streak"": 4.0, ""drop_pct"": -1.9618180260565166}"
2021-08-20,AMD,seasonality,"seasonality(from_day=20,min_share=0.5,min_years=4,rearm=20)",BUY_NOW,down,0.5,slow,1,0.151285,"{""min_share"": 0.5, ""min_years"": 4, ""from_day"": 20, ""rearm"": 20, ""_feasible"": true, ""_n_feasible"": 8, ""_score"": 1.0696}","{""k_years"": 3.0, ""n_years"": 6.0, ""target_month"": 9.0}"
2021-09-02,AMD,momentum,"momentum(n=4,rearm=3)",BUY_NOW,down,0.5,fast,1,0.147587,"{""n"": 4, ""rearm"": 3, ""_feasible"": true, ""_n_feasible"": 3, ""_score"": 0.8279}","{""streak"": 4.0, ""drop_pct"": -1.8070164933500998}"
2021-10-20,AMD,seasonality,"seasonality(from_day=20,min_share=0.5,min_years=4,rearm=20)",BUY_NOW,down,0.6666666666666666,slow,1,0.148807,"{""min_share"": 0.5, ""min_years"": 4, ""from_day"": 20, ""rearm"": 20, ""_feasible"": true, ""_n_feasible"": 8, ""_score"": 1.0696}","{""k_years"": 4.0, ""n_years"": 6.0, ""target_month"": 11.0}"
2021-10-26,AMD,dip_vs_trend,"dip_vs_trend(pct=0.05,rearm=5,span=20,window=120)",BUY_NOW,down,0.6666666666666667,medium,1,0.145782,"{""span"": 20, ""window"": 120, ""pct"": 0.05, ""rearm"": 5, ""_feasible"": true, ""_n_feasible"": 8, ""_score"": 1.3711}","{""dev_pct"": -1.9819504840154933, ""pct_rank"": 0.016666666666666666, ""window"": 120.0, ""span"": 20.0}"
2021-10-26,AMD,momentum,"momentum(n=4,rearm=3)",BUY_NOW,down,0.5,fast,1,0.145782,"{""n"": 4, ""rearm"": 3, ""_feasible"": true, ""_n_feasible"": 3, ""_score"": 0.8279}","{""streak"": 4.0, ""drop_pct"": -2.0328344768727247}"
2021-12-03,AMD,dip_vs_trend,"dip_vs_trend(pct=0.05,rearm=5,span=20,window=120)",BUY_NOW,down,0.5,medium,1,0.150342,"{""span"": 20, ""window"": 120, ""pct"": 0.05, ""rearm"": 5, ""_feasible"": true, ""_n_feasible"": 8, ""_score"": 1.3711}","{""dev_pct"": -1.4748431279387852, ""pct_rank"": 0.025, ""window"": 120.0, ""span"": 20.0}"
2021-12-10,AMD,dip_vs_trend,"dip_vs_trend(pct=0.05,rearm=5,span=20,window=120)",BUY_NOW,down,0.6666666666666667,medium,1,0.148774,"{""span"": 20, ""window"": 120, ""pct"": 0.05, ""rearm"": 5, ""_feasible"": true, ""_n_feasible"": 8, ""_score"": 1.3711}","{""dev_pct"": -2.5113928596118718, ""pct_rank"": 0.016666666666666666, ""window"": 120.0, ""span"": 20.0}"
2021-12-23,AMD,ml_localmin,"ml_localmin(fp_cost=3.0,gate_pct=0.2,gate_window=120,h=10,min_pos_rate=0.25,rearm=5,seed=0,tol_bps=10.0)",BUY_NOW,down,0.017661634250361692,medium,1,0.148348,"{""h"": 10, ""tol_bps"": 10.0, ""gate_window"": 120, ""gate_pct"": 0.2, ""fp_cost"": 3.0, ""min_pos_rate"": 0.25, ""rearm"": 5, ""seed"": 0, ""threshold"": 0.0014, ""_fitted"": true, ""_pos_rate_val"": 0.727}","{""proba"": 0.017661634250361692, ""pct_rank"": 0.19166666666666668, ""window"": 120.0}"
2022-02-02,AMD,momentum,"momentum(n=4,rearm=3)",BUY_NOW,down,0.5,fast,2,0.158354,"{""n"": 4, ""rearm"": 3, ""_feasible"": true, ""_n_feasible"": 3, ""_score"": 0.8909}","{""streak"": 4.0, ""drop_pct"": -3.1687212601506642}"
2022-02-09,AMD,dip_vs_trend,"dip_vs_trend(pct=0.05,rearm=5,span=20,window=120)",BUY_NOW,down,0.16666666666666674,medium,2,0.155918,"{""span"": 20, ""window"": 120, ""pct"": 0.05, ""rearm"": 5, ""_feasible"": true, ""_n_feasible"": 13, ""_score"": 1.3711}","{""dev_pct"": -2.0066519683139217, ""pct_rank"": 0.041666666666666664, ""window"": 120.0, ""span"": 20.0}"
2022-02-09,AMD,momentum,"momentum(n=4,rearm=3)",BUY_NOW,down,0.5,fast,2,0.155918,"{""n"": 4, ""rearm"": 3, ""_feasible"": true, ""_n_feasible"": 3, ""_score"": 0.8909}","{""streak"": 4.0, ""drop_pct"": -1.6891870590238112}"
2022-03-24,AMD,dip_vs_trend,"dip_vs_trend(pct=0.05,rearm=5,span=20,window=120)",BUY_NOW,down,0.8333333333333334,medium,2,0.19572,"{""span"": 20, ""window"": 120, ""pct"": 0.05, ""rearm"": 5, ""_feasible"": true, ""_n_feasible"": 13, ""_score"": 1.3711}","{""dev_pct"": -7.088534344415653, ""pct_rank"": 0.008333333333333333, ""window"": 120.0, ""span"": 20.0}"
2022-03-25,AMD,momentum,"momentum(n=4,rearm=3)",BUY_NOW,down,0.5,fast,2,0.194805,"{""n"": 4, ""rearm"": 3, ""_feasible"": true, ""_n_feasible"": 3, ""_score"": 0.8909}","{""streak"": 4.0, ""drop_pct"": -8.977707586709583}"
2022-03-30,AMD,momentum,"momentum(n=4,rearm=3)",BUY_NOW,down,0.875,fast,2,0.173193,"{""n"": 4, ""rearm"": 3, ""_feasible"": true, ""_n_feasible"": 3, ""_score"": 0.8909}","{""streak"": 7.0, ""drop_pct"": -19.075876440876737}"
2022-03-31,AMD,dip_vs_trend,"dip_vs_trend(pct=0.05,rearm=5,span=20,window=120)",BUY_NOW,down,0.6666666666666667,medium,2,0.172311,"{""span"": 20, ""window"": 120, ""pct"": 0.05, ""rearm"": 5, ""_feasible"": true, ""_n_feasible"": 13, ""_score"": 1.3711}","{""dev_pct"": -17.392690462892602, ""pct_rank"": 0.016666666666666666, ""window"": 120.0, ""span"": 20.0}"
2022-04-07,AMD,dip_vs_trend,"dip_vs_trend(pct=0.05,rearm=5,span=20,window=120)",BUY_NOW,down,0.8333333333333334,medium,2,0.15989,"{""span"": 20, ""window"": 120, ""pct"": 0.05, ""rearm"": 5, ""_feasible"": true, ""_n_feasible"": 13, ""_score"": 1.3711}","{""dev_pct"": -18.297831461236814, ""pct_rank"": 0.008333333333333333, ""window"": 120.0, ""span"": 20.0}"
2022-04-20,AMD,momentum,"momentum(n=4,rearm=3)",BUY_NOW,down,0.5,fast,2,0.164278,"{""n"": 4, ""rearm"": 3, ""_feasible"": true, ""_n_feasible"": 3, ""_score"": 0.8909}","{""streak"": 4.0, ""drop_pct"": -4.710584168121623}"
2022-04-25,AMD,momentum,"momentum(n=4,rearm=3)",BUY_NOW,down,0.875,fast,2,0.157252,"{""n"": 4, ""rearm"": 3, ""_feasible"": true, ""_n_feasible"": 3, ""_score"": 0.8909}","{""streak"": 7.0, ""drop_pct"": -8.786013839987472}"
2022-05-05,AMD,ml_localmin,"ml_localmin(fp_cost=3.0,gate_pct=0.2,gate_window=120,h=10,min_pos_rate=0.25,rearm=5,seed=0,tol_bps=10.0)",BUY_NOW,down,0.059859563167159006,medium,2,0.145696,"{""h"": 10, ""tol_bps"": 10.0, ""gate_window"": 120, ""gate_pct"": 0.2, ""fp_cost"": 3.0, ""min_pos_rate"": 0.25, ""rearm"": 5, ""seed"": 0, ""threshold"": 0.0172, ""_fitted"": true, ""_pos_rate_val"": 0.357}","{""proba"": 0.059859563167159006, ""pct_rank"": 0.008333333333333333, ""window"": 120.0}"
2022-05-05,AMD,momentum,"momentum(n=4,rearm=3)",BUY_NOW,down,0.5,fast,2,0.145696,"{""n"": 4, ""rearm"": 3, ""_feasible"": true, ""_n_feasible"": 3, ""_score"": 0.8909}","{""streak"": 4.0, ""drop_pct"": -8.039940921771837}"
2022-05-11,AMD,reversal,"reversal(max_days_since_min=5,rearm=3,rise_bps=80,window=120)",WINDOW_CLOSING,up,1.0,slow,2,0.147448,"{""window"": 120, ""rise_bps"": 80, ""max_days_since_min"": 5, ""rearm"": 3, ""_feasible"": true, ""_n_feasible"": 14, ""_score"": 1.8185}","{""rise_pct"": 3.802262631382569, ""min_rate"": 0.142047, ""days_since_min"": 1.0, ""window"": 120.0}"
2022-05-13,AMD,level,"level(pct=0.05,rearm=3,stall_days=3,window=250)",BUY_NOW,down,0.44000000000000006,medium,2,0.139887,"{""window"": 250, ""pct"": 0.05, ""stall_days"": 3, ""rearm"": 3, ""_feasible"": true, ""_n_feasible"": 15, ""_score"": 1.6694}","{""pct_rank"": 0.028, ""window"": 250.0, ""days_since_min"": 225.0}"
2022-05-16,AMD,ml_localmin,"ml_localmin(fp_cost=3.0,gate_pct=0.2,gate_window=120,h=10,min_pos_rate=0.25,rearm=5,seed=0,tol_bps=10.0)",BUY_NOW,down,0.18717776435039446,medium,2,0.139442,"{""h"": 10, ""tol_bps"": 10.0, ""gate_window"": 120, ""gate_pct"": 0.2, ""fp_cost"": 3.0, ""min_pos_rate"": 0.25, ""rearm"": 5, ""seed"": 0, ""threshold"": 0.0172, ""_fitted"": true, ""_pos_rate_val"": 0.357}","{""proba"": 0.18717776435039446, ""pct_rank"": 0.008333333333333333, ""window"": 120.0}"
2022-05-18,AMD,level,"level(pct=0.05,rearm=3,stall_days=3,window=250)",BUY_NOW,down,0.6000000000000001,medium,2,0.138941,"{""window"": 250, ""pct"": 0.05, ""stall_days"": 3, ""rearm"": 3, ""_feasible"": true, ""_n_feasible"": 15, ""_score"": 1.6694}","{""pct_rank"": 0.02, ""window"": 250.0, ""days_since_min"": 228.0}"
2022-05-23,AMD,ml_localmin,"ml_localmin(fp_cost=3.0,gate_pct=0.2,gate_window=120,h=10,min_pos_rate=0.25,rearm=5,seed=0,tol_bps=10.0)",BUY_NOW,down,0.2130428774461638,medium,2,0.127726,"{""h"": 10, ""tol_bps"": 10.0, ""gate_window"": 120, ""gate_pct"": 0.2, ""fp_cost"": 3.0, ""min_pos_rate"": 0.25, ""rearm"": 5, ""seed"": 0, ""threshold"": 0.0172, ""_fitted"": true, ""_pos_rate_val"": 0.357}","{""proba"": 0.2130428774461638, ""pct_rank"": 0.008333333333333333, ""window"": 120.0}"
2022-05-23,AMD,momentum,"momentum(n=4,rearm=3)",BUY_NOW,down,0.5,fast,2,0.127726,"{""n"": 4, ""rearm"": 3, ""_feasible"": true, ""_n_feasible"": 3, ""_score"": 0.8909}","{""streak"": 4.0, ""drop_pct"": -8.56926061404324}"
2022-05-26,AMD,reversal,"reversal(max_days_since_min=5,rearm=3,rise_bps=80,window=120)",WINDOW_CLOSING,up,1.0,slow,2,0.13876,"{""window"": 120, ""rise_bps"": 80, ""max_days_since_min"": 5, ""rearm"": 3, ""_feasible"": true, ""_n_feasible"": 14, ""_score"": 1.8185}","{""rise_pct"": 11.085315379504122, ""min_rate"": 0.124913, ""days_since_min"": 1.0, ""window"": 120.0}"
2022-05-31,AMD,level,"level(pct=0.05,rearm=3,stall_days=3,window=250)",BUY_NOW,down,0.52,medium,2,0.137518,"{""window"": 250, ""pct"": 0.05, ""stall_days"": 3, ""rearm"": 3, ""_feasible"": true, ""_n_feasible"": 15, ""_score"": 1.6694}","{""pct_rank"": 0.024, ""window"": 250.0, ""days_since_min"": 4.0}"
2022-05-31,AMD,reversal,"reversal(max_days_since_min=5,rearm=3,rise_bps=80,window=120)",WINDOW_CLOSING,up,1.0,slow,2,0.137518,"{""window"": 120, ""rise_bps"": 80, ""max_days_since_min"": 5, ""rearm"": 3, ""_feasible"": true, ""_n_feasible"": 14, ""_score"": 1.8185}","{""rise_pct"": 10.091023352253181, ""min_rate"": 0.124913, ""days_since_min"": 4.0, ""window"": 120.0}"
2022-06-09,AMD,level,"level(pct=0.05,rearm=3,stall_days=3,window=250)",BUY_NOW,down,0.52,medium,2,0.136792,"{""window"": 250, ""pct"": 0.05, ""stall_days"": 3, ""rearm"": 3, ""_feasible"": true, ""_n_feasible"": 15, ""_score"": 1.6694}","{""pct_rank"": 0.024, ""window"": 250.0, ""days_since_min"": 11.0}"
2022-06-15,AMD,level,"level(pct=0.05,rearm=3,stall_days=3,window=250)",BUY_NOW,down,0.6000000000000001,medium,2,0.133505,"{""window"": 250, ""pct"": 0.05, ""stall_days"": 3, ""rearm"": 3, ""_feasible"": true, ""_n_feasible"": 15, ""_score"": 1.6694}","{""pct_rank"": 0.02, ""window"": 250.0, ""days_since_min"": 14.0}"
2022-06-15,AMD,ml_localmin,"ml_localmin(fp_cost=3.0,gate_pct=0.2,gate_window=120,h=10,min_pos_rate=0.25,rearm=5,seed=0,tol_bps=10.0)",BUY_NOW,down,0.03221409644342044,medium,2,0.133505,"{""h"": 10, ""tol_bps"": 10.0, ""gate_window"": 120, ""gate_pct"": 0.2, ""fp_cost"": 3.0, ""min_pos_rate"": 0.25, ""rearm"": 5, ""seed"": 0, ""threshold"": 0.0172, ""_fitted"": true, ""_pos_rate_val"": 0.357}","{""proba"": 0.03221409644342044, ""pct_rank"": 0.041666666666666664, ""window"": 120.0}"
2022-06-20,AMD,level,"level(pct=0.05,rearm=3,stall_days=3,window=250)",BUY_NOW,down,0.44000000000000006,medium,2,0.133417,"{""window"": 250, ""pct"": 0.05, ""stall_days"": 3, ""rearm"": 3, ""_feasible"": true, ""_n_feasible"": 15, ""_score"": 1.6694}","{""pct_rank"": 0.028, ""window"": 250.0, ""days_since_min"": 17.0}"
2022-06-22,AMD,ml_localmin,"ml_localmin(fp_cost=3.0,gate_pct=0.2,gate_window=120,h=10,min_pos_rate=0.25,rearm=5,seed=0,tol_bps=10.0)",BUY_NOW,down,0.04834350911488649,medium,2,0.129123,"{""h"": 10, ""tol_bps"": 10.0, ""gate_window"": 120, ""gate_pct"": 0.2, ""fp_cost"": 3.0, ""min_pos_rate"": 0.25, ""rearm"": 5, ""seed"": 0, ""threshold"": 0.0172, ""_fitted"": true, ""_pos_rate_val"": 0.357}","{""proba"": 0.04834350911488649, ""pct_rank"": 0.041666666666666664, ""window"": 120.0}"
2022-06-23,AMD,level,"level(pct=0.05,rearm=3,stall_days=3,window=250)",BUY_NOW,down,0.52,medium,2,0.129881,"{""window"": 250, ""pct"": 0.05, ""stall_days"": 3, ""rearm"": 3, ""_feasible"": true, ""_n_feasible"": 15, ""_score"": 1.6694}","{""pct_rank"": 0.024, ""window"": 250.0, ""days_since_min"": 20.0}"
2022-06-24,AMD,seasonality,"seasonality(from_day=24,min_share=0.6,min_years=3,rearm=20)",BUY_NOW,down,0.7142857142857143,slow,2,0.130515,"{""min_share"": 0.6, ""min_years"": 3, ""from_day"": 24, ""rearm"": 20, ""_feasible"": true, ""_n_feasible"": 8, ""_score"": 0.9468}","{""k_years"": 5.0, ""n_years"": 7.0, ""target_month"": 7.0}"
2022-06-28,AMD,level,"level(pct=0.05,rearm=3,stall_days=3,window=250)",BUY_NOW,down,0.52,medium,2,0.129704,"{""window"": 250, ""pct"": 0.05, ""stall_days"": 3, ""rearm"": 3, ""_feasible"": true, ""_n_feasible"": 15, ""_score"": 1.6694}","{""pct_rank"": 0.024, ""window"": 250.0, ""days_since_min"": 23.0}"
2022-06-29,AMD,ml_localmin,"ml_localmin(fp_cost=3.0,gate_pct=0.2,gate_window=120,h=10,min_pos_rate=0.25,rearm=5,seed=0,tol_bps=10.0)",BUY_NOW,down,0.09203625893777999,medium,2,0.125292,"{""h"": 10, ""tol_bps"": 10.0, ""gate_window"": 120, ""gate_pct"": 0.2, ""fp_cost"": 3.0, ""min_pos_rate"": 0.25, ""rearm"": 5, ""seed"": 0, ""threshold"": 0.0172, ""_fitted"": true, ""_pos_rate_val"": 0.357}","{""proba"": 0.09203625893777999, ""pct_rank"": 0.016666666666666666, ""window"": 120.0}"
2022-07-14,AMD,momentum,"momentum(n=5,rearm=2)",BUY_NOW,down,0.5,fast,3,0.141184,"{""n"": 5, ""rearm"": 2, ""_feasible"": true, ""_n_feasible"": 2, ""_score"": 0.6899}","{""streak"": 5.0, ""drop_pct"": -8.728650298023089}"
2022-07-18,AMD,momentum,"momentum(n=5,rearm=2)",BUY_NOW,down,0.7,fast,3,0.136277,"{""n"": 5, ""rearm"": 2, ""_feasible"": true, ""_n_feasible"": 2, ""_score"": 0.6899}","{""streak"": 7.0, ""drop_pct"": -11.900883079270253}"
2022-07-20,AMD,momentum,"momentum(n=5,rearm=2)",BUY_NOW,down,0.9,fast,3,0.131976,"{""n"": 5, ""rearm"": 2, ""_feasible"": true, ""_n_feasible"": 2, ""_score"": 0.6899}","{""streak"": 9.0, ""drop_pct"": -14.681354485861664}"
2022-07-25,AMD,seasonality,"seasonality(from_day=24,min_share=0.6,min_years=3,rearm=20)",BUY_NOW,down,0.7142857142857143,slow,3,0.14048,"{""min_share"": 0.6, ""min_years"": 3, ""from_day"": 24, ""rearm"": 20, ""_feasible"": true, ""_n_feasible"": 8, ""_score"": 0.9468}","{""k_years"": 5.0, ""n_years"": 7.0, ""target_month"": 8.0}"
2022-09-14,AMD,momentum,"momentum(n=5,rearm=2)",BUY_NOW,down,0.5,fast,3,0.146965,"{""n"": 5, ""rearm"": 2, ""_feasible"": true, ""_n_feasible"": 2, ""_score"": 0.6899}","{""streak"": 5.0, ""drop_pct"": -2.7378856666357643}"
2022-09-16,AMD,momentum,"momentum(n=5,rearm=2)",BUY_NOW,down,0.7,fast,3,0.144317,"{""n"": 5, ""rearm"": 2, ""_feasible"": true, ""_n_feasible"": 2, ""_score"": 0.6899}","{""streak"": 7.0, ""drop_pct"": -4.490344270757496}"
2022-09-20,AMD,momentum,"momentum(n=5,rearm=2)",BUY_NOW,down,0.9,fast,3,0.143606,"{""n"": 5, ""rearm"": 2, ""_feasible"": true, ""_n_feasible"": 2, ""_score"": 0.6899}","{""streak"": 9.0, ""drop_pct"": -4.960887347619469}"
2022-10-19,AMD,momentum,"momentum(n=5,rearm=2)",BUY_NOW,down,0.5,fast,3,0.152456,"{""n"": 5, ""rearm"": 2, ""_feasible"": true, ""_n_feasible"": 2, ""_score"": 0.6899}","{""streak"": 5.0, ""drop_pct"": -3.4581457347847233}"
2022-10-21,AMD,momentum,"momentum(n=5,rearm=2)",BUY_NOW,down,0.7,fast,3,0.151847,"{""n"": 5, ""rearm"": 2, ""_feasible"": true, ""_n_feasible"": 2, ""_score"": 0.6899}","{""streak"": 7.0, ""drop_pct"": -3.843791358751747}"
2022-10-24,AMD,seasonality,"seasonality(from_day=24,min_share=0.6,min_years=3,rearm=20)",BUY_NOW,down,0.7142857142857143,slow,3,0.152022,"{""min_share"": 0.6, ""min_years"": 3, ""from_day"": 24, ""rearm"": 20, ""_feasible"": true, ""_n_feasible"": 8, ""_score"": 0.9468}","{""k_years"": 5.0, ""n_years"": 7.0, ""target_month"": 11.0}"
2023-01-13,AMD,momentum,"momentum(n=6,rearm=3)",BUY_NOW,down,0.5,fast,4,0.170401,"{""n"": 6, ""rearm"": 3, ""_feasible"": true, ""_n_feasible"": 4, ""_score"": 1.4646}","{""streak"": 6.0, ""drop_pct"": -6.863832880590737}"
2023-05-02,AMD,dip_vs_trend,"dip_vs_trend(pct=0.05,rearm=5,span=20,window=120)",BUY_NOW,down,0.6666666666666667,medium,4,0.206697,"{""span"": 20, ""window"": 120, ""pct"": 0.05, ""rearm"": 5, ""_feasible"": true, ""_n_feasible"": 10, ""_score"": 1.3711}","{""dev_pct"": -1.4202933110766591, ""pct_rank"": 0.016666666666666666, ""window"": 120.0, ""span"": 20.0}"
2023-05-10,AMD,momentum,"momentum(n=6,rearm=3)",BUY_NOW,down,0.5,fast,4,0.198481,"{""n"": 6, ""rearm"": 3, ""_feasible"": true, ""_n_feasible"": 4, ""_score"": 1.4646}","{""streak"": 6.0, ""drop_pct"": -5.959916611390126}"
2023-05-11,AMD,dip_vs_trend,"dip_vs_trend(pct=0.05,rearm=5,span=20,window=120)",BUY_NOW,down,0.8333333333333334,medium,4,0.196424,"{""span"": 20, ""window"": 120, ""pct"": 0.05, ""rearm"": 5, ""_feasible"": true, ""_n_feasible"": 10, ""_score"": 1.3711}","{""dev_pct"": -5.463166664340447, ""pct_rank"": 0.008333333333333333, ""window"": 120.0, ""span"": 20.0}"
2023-06-26,AMD,seasonality,"seasonality(from_day=24,min_share=0.6,min_years=4,rearm=20)",BUY_NOW,down,0.75,slow,4,0.219025,"{""min_share"": 0.6, ""min_years"": 4, ""from_day"": 24, ""rearm"": 20, ""_feasible"": true, ""_n_feasible"": 8, ""_score"": 0.9468}","{""k_years"": 6.0, ""n_years"": 8.0, ""target_month"": 7.0}"
2023-07-24,AMD,seasonality,"seasonality(from_day=24,min_share=0.6,min_years=4,rearm=20)",BUY_NOW,down,0.75,slow,5,0.233767,"{""min_share"": 0.6, ""min_years"": 4, ""from_day"": 24, ""rearm"": 20, ""_feasible"": true, ""_n_feasible"": 8, ""_score"": 0.9468}","{""k_years"": 6.0, ""n_years"": 8.0, ""target_month"": 8.0}"
2023-10-03,AMD,dip_vs_trend,"dip_vs_trend(pct=0.05,rearm=5,span=20,window=120)",BUY_NOW,down,0.16666666666666674,medium,5,0.240096,"{""span"": 20, ""window"": 120, ""pct"": 0.05, ""rearm"": 5, ""_feasible"": true, ""_n_feasible"": 13, ""_score"": 1.3711}","{""dev_pct"": -3.5191775405298498, ""pct_rank"": 0.041666666666666664, ""window"": 120.0, ""span"": 20.0}"
2023-10-23,AMD,level,"level(pct=0.05,rearm=5,stall_days=3,window=60)",BUY_NOW,down,0.33333333333333337,medium,5,0.235469,"{""window"": 60, ""pct"": 0.05, ""stall_days"": 3, ""rearm"": 5, ""_feasible"": true, ""_n_feasible"": 18, ""_score"": 1.4831}","{""pct_rank"": 0.03333333333333333, ""window"": 60.0, ""days_since_min"": 13.0}"
2023-10-24,AMD,dip_vs_trend,"dip_vs_trend(pct=0.05,rearm=5,span=20,window=120)",BUY_NOW,down,0.16666666666666674,medium,5,0.232435,"{""span"": 20, ""window"": 120, ""pct"": 0.05, ""rearm"": 5, ""_feasible"": true, ""_n_feasible"": 13, ""_score"": 1.3711}","{""dev_pct"": -4.372469918788491, ""pct_rank"": 0.041666666666666664, ""window"": 120.0, ""span"": 20.0}"
2023-10-24,AMD,seasonality,"seasonality(from_day=24,min_share=0.6,min_years=4,rearm=20)",BUY_NOW,down,0.75,slow,5,0.232435,"{""min_share"": 0.6, ""min_years"": 4, ""from_day"": 24, ""rearm"": 20, ""_feasible"": true, ""_n_feasible"": 8, ""_score"": 0.9468}","{""k_years"": 6.0, ""n_years"": 8.0, ""target_month"": 11.0}"
2023-10-31,AMD,dip_vs_trend,"dip_vs_trend(pct=0.05,rearm=5,span=20,window=120)",BUY_NOW,down,0.6666666666666667,medium,5,0.228344,"{""span"": 20, ""window"": 120, ""pct"": 0.05, ""rearm"": 5, ""_feasible"": true, ""_n_feasible"": 13, ""_score"": 1.3711}","{""dev_pct"": -4.615403252267869, ""pct_rank"": 0.016666666666666666, ""window"": 120.0, ""span"": 20.0}"
2023-11-03,AMD,level,"level(pct=0.05,rearm=5,stall_days=3,window=60)",BUY_NOW,down,0.33333333333333337,medium,5,0.231304,"{""window"": 60, ""pct"": 0.05, ""stall_days"": 3, ""rearm"": 5, ""_feasible"": true, ""_n_feasible"": 18, ""_score"": 1.4831}","{""pct_rank"": 0.03333333333333333, ""window"": 60.0, ""days_since_min"": 3.0}"
2023-11-14,AMD,ml_localmin,"ml_localmin(fp_cost=3.0,gate_pct=0.2,gate_window=120,h=10,min_pos_rate=0.25,rearm=5,seed=0,tol_bps=10.0)",BUY_NOW,down,0.04852229991702123,medium,5,0.226337,"{""h"": 10, ""tol_bps"": 10.0, ""gate_window"": 120, ""gate_pct"": 0.2, ""fp_cost"": 3.0, ""min_pos_rate"": 0.25, ""rearm"": 5, ""seed"": 0, ""threshold"": 0.0311, ""_fitted"": true, ""_pos_rate_val"": 0.432}","{""proba"": 0.04852229991702123, ""pct_rank"": 0.2, ""window"": 120.0}"
2023-11-15,AMD,dip_vs_trend,"dip_vs_trend(pct=0.05,rearm=5,span=20,window=120)",BUY_NOW,down,0.16666666666666674,medium,5,0.222021,"{""span"": 20, ""window"": 120, ""pct"": 0.05, ""rearm"": 5, ""_feasible"": true, ""_n_feasible"": 13, ""_score"": 1.3711}","{""dev_pct"": -4.181003091165092, ""pct_rank"": 0.041666666666666664, ""window"": 120.0, ""span"": 20.0}"
2023-11-21,AMD,ml_localmin,"ml_localmin(fp_cost=3.0,gate_pct=0.2,gate_window=120,h=10,min_pos_rate=0.25,rearm=5,seed=0,tol_bps=10.0)",BUY_NOW,down,0.2389093484600928,medium,5,0.218278,"{""h"": 10, ""tol_bps"": 10.0, ""gate_window"": 120, ""gate_pct"": 0.2, ""fp_cost"": 3.0, ""min_pos_rate"": 0.25, ""rearm"": 5, ""seed"": 0, ""threshold"": 0.0311, ""_fitted"": true, ""_pos_rate_val"": 0.432}","{""proba"": 0.2389093484600928, ""pct_rank"": 0.125, ""window"": 120.0}"
2023-12-14,AMD,momentum,"momentum(n=6,rearm=3)",BUY_NOW,down,0.5,fast,5,0.221647,"{""n"": 6, ""rearm"": 3, ""_feasible"": true, ""_n_feasible"": 4, ""_score"": 1.3522}","{""streak"": 6.0, ""drop_pct"": -3.704170341438817}"
2024-01-10,AMD,ml_localmin,"ml_localmin(fp_cost=3.0,gate_pct=0.2,gate_window=120,h=10,min_pos_rate=0.25,rearm=5,seed=0,tol_bps=10.0)",BUY_NOW,down,0.10005999213346568,medium,6,0.220464,"{""h"": 10, ""tol_bps"": 10.0, ""gate_window"": 120, ""gate_pct"": 0.2, ""fp_cost"": 3.0, ""min_pos_rate"": 0.25, ""rearm"": 5, ""seed"": 0, ""threshold"": 0.063, ""_fitted"": true, ""_pos_rate_val"": 0.5}","{""proba"": 0.10005999213346568, ""pct_rank"": 0.058333333333333334, ""window"": 120.0}"
2024-01-17,AMD,reversal,"reversal(max_days_since_min=5,rearm=3,rise_bps=80,window=120)",WINDOW_CLOSING,up,0.5235232594731631,slow,6,0.217894,"{""window"": 120, ""rise_bps"": 80, ""max_days_since_min"": 5, ""rearm"": 3, ""_feasible"": true, ""_n_feasible"": 20, ""_score"": 1.7807}","{""rise_pct"": 0.8376372151570609, ""min_rate"": 0.216084, ""days_since_min"": 1.0, ""window"": 120.0}"
2024-01-22,AMD,level,"level(pct=0.05,rearm=5,stall_days=3,window=60)",BUY_NOW,down,0.0,medium,6,0.217135,"{""window"": 60, ""pct"": 0.05, ""stall_days"": 3, ""rearm"": 5, ""_feasible"": true, ""_n_feasible"": 18, ""_score"": 1.4831}","{""pct_rank"": 0.05, ""window"": 60.0, ""days_since_min"": 4.0}"
2024-06-19,AMD,dip_vs_trend,"dip_vs_trend(pct=0.05,rearm=5,span=80,window=120)",BUY_NOW,down,0.8333333333333334,medium,6,0.212641,"{""span"": 80, ""window"": 120, ""pct"": 0.05, ""rearm"": 5, ""_feasible"": true, ""_n_feasible"": 8, ""_score"": 1.1166}","{""dev_pct"": -8.395751196594803, ""pct_rank"": 0.008333333333333333, ""window"": 120.0, ""span"": 80.0}"
2024-06-20,AMD,reversal,"reversal(max_days_since_min=5,rearm=3,rise_bps=80,window=120)",WINDOW_CLOSING,up,1.0,slow,6,0.220058,"{""window"": 120, ""rise_bps"": 80, ""max_days_since_min"": 5, ""rearm"": 3, ""_feasible"": true, ""_n_feasible"": 20, ""_score"": 1.7807}","{""rise_pct"": 3.4880385250257495, ""min_rate"": 0.212641, ""days_since_min"": 1.0, ""window"": 120.0}"
2024-06-24,AMD,seasonality,"seasonality(from_day=24,min_share=0.6,min_years=4,rearm=20)",BUY_NOW,down,0.7777777777777778,slow,6,0.225159,"{""min_share"": 0.6, ""min_years"": 4, ""from_day"": 24, ""rearm"": 20, ""_feasible"": true, ""_n_feasible"": 8, ""_score"": 0.9468}","{""k_years"": 7.0, ""n_years"": 9.0, ""target_month"": 7.0}"
2024-06-25,AMD,reversal,"reversal(max_days_since_min=5,rearm=3,rise_bps=80,window=120)",WINDOW_CLOSING,up,1.0,slow,6,0.224825,"{""window"": 120, ""rise_bps"": 80, ""max_days_since_min"": 5, ""rearm"": 3, ""_feasible"": true, ""_n_feasible"": 20, ""_score"": 1.7807}","{""rise_pct"": 5.729845138049572, ""min_rate"": 0.212641, ""days_since_min"": 4.0, ""window"": 120.0}"
2024-06-27,AMD,level,"level(pct=0.05,rearm=5,stall_days=3,window=60)",BUY_NOW,down,0.33333333333333337,medium,6,0.218912,"{""window"": 60, ""pct"": 0.05, ""stall_days"": 3, ""rearm"": 5, ""_feasible"": true, ""_n_feasible"": 18, ""_score"": 1.4831}","{""pct_rank"": 0.03333333333333333, ""window"": 60.0, ""days_since_min"": 6.0}"
2024-07-23,AMD,ml_localmin,"ml_localmin(fp_cost=3.0,gate_pct=0.2,gate_window=120,h=10,min_pos_rate=0.25,rearm=5,seed=0,tol_bps=10.0)",BUY_NOW,down,0.01880729416368939,medium,7,0.22505,"{""h"": 10, ""tol_bps"": 10.0, ""gate_window"": 120, ""gate_pct"": 0.2, ""fp_cost"": 3.0, ""min_pos_rate"": 0.25, ""rearm"": 5, ""seed"": 0, ""threshold"": 0.0018, ""_fitted"": true, ""_pos_rate_val"": 0.581}","{""proba"": 0.01880729416368939, ""pct_rank"": 0.15833333333333333, ""window"": 120.0}"
2024-07-24,AMD,dip_vs_trend,"dip_vs_trend(pct=0.05,rearm=5,span=80,window=120)",BUY_NOW,down,0.0,medium,7,0.222844,"{""span"": 80, ""window"": 120, ""pct"": 0.05, ""rearm"": 5, ""_feasible"": true, ""_n_feasible"": 10, ""_score"": 1.0016}","{""dev_pct"": -3.613796011824233, ""pct_rank"": 0.05, ""window"": 120.0, ""span"": 80.0}"
2024-07-24,AMD,seasonality,"seasonality(from_day=24,min_share=0.6,min_years=4,rearm=20)",BUY_NOW,down,0.7777777777777778,slow,7,0.222844,"{""min_share"": 0.6, ""min_years"": 4, ""from_day"": 24, ""rearm"": 20, ""_feasible"": true, ""_n_feasible"": 8, ""_score"": 0.9468}","{""k_years"": 7.0, ""n_years"": 9.0, ""target_month"": 8.0}"
2024-07-30,AMD,ml_localmin,"ml_localmin(fp_cost=3.0,gate_pct=0.2,gate_window=120,h=10,min_pos_rate=0.25,rearm=5,seed=0,tol_bps=10.0)",BUY_NOW,down,0.10189628707584308,medium,7,0.222282,"{""h"": 10, ""tol_bps"": 10.0, ""gate_window"": 120, ""gate_pct"": 0.2, ""fp_cost"": 3.0, ""min_pos_rate"": 0.25, ""rearm"": 5, ""seed"": 0, ""threshold"": 0.0018, ""_fitted"": true, ""_pos_rate_val"": 0.581}","{""proba"": 0.10189628707584308, ""pct_rank"": 0.058333333333333334, ""window"": 120.0}"
2024-08-05,AMD,dip_vs_trend,"dip_vs_trend(pct=0.05,rearm=5,span=80,window=120)",BUY_NOW,down,0.0,medium,7,0.21906,"{""span"": 80, ""window"": 120, ""pct"": 0.05, ""rearm"": 5, ""_feasible"": true, ""_n_feasible"": 10, ""_score"": 1.0016}","{""dev_pct"": -4.620393268893174, ""pct_rank"": 0.05, ""window"": 120.0, ""span"": 80.0}"
2024-08-05,AMD,level,"level(pct=0.05,rearm=5,stall_days=3,window=60)",BUY_NOW,down,0.0,medium,7,0.21906,"{""window"": 60, ""pct"": 0.05, ""stall_days"": 3, ""rearm"": 5, ""_feasible"": true, ""_n_feasible"": 20, ""_score"": 1.4831}","{""pct_rank"": 0.05, ""window"": 60.0, ""days_since_min"": 33.0}"
2024-08-06,AMD,ml_localmin,"ml_localmin(fp_cost=3.0,gate_pct=0.2,gate_window=120,h=10,min_pos_rate=0.25,rearm=5,seed=0,tol_bps=10.0)",BUY_NOW,down,0.015787163131224954,medium,7,0.219378,"{""h"": 10, ""tol_bps"": 10.0, ""gate_window"": 120, ""gate_pct"": 0.2, ""fp_cost"": 3.0, ""min_pos_rate"": 0.25, ""rearm"": 5, ""seed"": 0, ""threshold"": 0.0018, ""_fitted"": true, ""_pos_rate_val"": 0.581}","{""proba"": 0.015787163131224954, ""pct_rank"": 0.03333333333333333, ""window"": 120.0}"
2024-10-24,AMD,seasonality,"seasonality(from_day=24,min_share=0.6,min_years=4,rearm=20)",BUY_NOW,down,0.6666666666666666,slow,7,0.249884,"{""min_share"": 0.6, ""min_years"": 4, ""from_day"": 24, ""rearm"": 20, ""_feasible"": true, ""_n_feasible"": 8, ""_score"": 0.9468}","{""k_years"": 6.0, ""n_years"": 9.0, ""target_month"": 11.0}"
2024-12-06,AMD,momentum,"momentum(n=6,rearm=3)",BUY_NOW,down,0.5,fast,7,0.247742,"{""n"": 6, ""rearm"": 3, ""_feasible"": true, ""_n_feasible"": 4, ""_score"": 1.3522}","{""streak"": 6.0, ""drop_pct"": -11.154544085265705}"
2025-01-22,AMD,momentum,"momentum(n=6,rearm=3)",BUY_NOW,down,0.5,fast,8,0.246477,"{""n"": 6, ""rearm"": 3, ""_feasible"": true, ""_n_feasible"": 4, ""_score"": 1.3522}","{""streak"": 6.0, ""drop_pct"": -5.215007037432984}"
2025-01-24,AMD,dip_vs_trend,"dip_vs_trend(pct=0.05,rearm=5,span=80,window=120)",BUY_NOW,down,0.0,medium,8,0.246293,"{""span"": 80, ""window"": 120, ""pct"": 0.05, ""rearm"": 5, ""_feasible"": true, ""_n_feasible"": 12, ""_score"": 1.0016}","{""dev_pct"": -3.1926025726225715, ""pct_rank"": 0.05, ""window"": 120.0, ""span"": 80.0}"
2025-01-30,AMD,level,"level(pct=0.1,rearm=5,stall_days=3,window=60)",BUY_NOW,down,0.16666666666666674,medium,8,0.246296,"{""window"": 60, ""pct"": 0.1, ""stall_days"": 3, ""rearm"": 5, ""_feasible"": true, ""_n_feasible"": 19, ""_score"": 1.4902}","{""pct_rank"": 0.08333333333333333, ""window"": 60.0, ""days_since_min"": 3.0}"
2025-01-31,AMD,dip_vs_trend,"dip_vs_trend(pct=0.05,rearm=5,span=80,window=120)",BUY_NOW,down,0.5,medium,8,0.246158,"{""span"": 80, ""window"": 120, ""pct"": 0.05, ""rearm"": 5, ""_feasible"": true, ""_n_feasible"": 12, ""_score"": 1.0016}","{""dev_pct"": -3.361873827548767, ""pct_rank"": 0.025, ""window"": 120.0, ""span"": 80.0}"
2025-02-06,AMD,level,"level(pct=0.1,rearm=5,stall_days=3,window=60)",BUY_NOW,down,0.6666666666666667,medium,8,0.244211,"{""window"": 60, ""pct"": 0.1, ""stall_days"": 3, ""rearm"": 5, ""_feasible"": true, ""_n_feasible"": 19, ""_score"": 1.4902}","{""pct_rank"": 0.03333333333333333, ""window"": 60.0, ""days_since_min"": 8.0}"
2025-02-07,AMD,dip_vs_trend,"dip_vs_trend(pct=0.05,rearm=5,span=80,window=120)",BUY_NOW,down,0.5,medium,8,0.245176,"{""span"": 80, ""window"": 120, ""pct"": 0.05, ""rearm"": 5, ""_feasible"": true, ""_n_feasible"": 12, ""_score"": 1.0016}","{""dev_pct"": -3.744025126367967, ""pct_rank"": 0.025, ""window"": 120.0, ""span"": 80.0}"
2025-02-12,AMD,ml_localmin,"ml_localmin(fp_cost=3.0,gate_pct=0.2,gate_window=120,h=10,min_pos_rate=0.25,rearm=5,seed=0,tol_bps=10.0)",BUY_NOW,down,0.20359330415927337,medium,8,0.237161,"{""h"": 10, ""tol_bps"": 10.0, ""gate_window"": 120, ""gate_pct"": 0.2, ""fp_cost"": 3.0, ""min_pos_rate"": 0.25, ""rearm"": 5, ""seed"": 0, ""threshold"": 0.0005, ""_fitted"": true, ""_pos_rate_val"": 0.833}","{""proba"": 0.20359330415927337, ""pct_rank"": 0.19166666666666668, ""window"": 120.0}"
2025-02-14,AMD,dip_vs_trend,"dip_vs_trend(pct=0.05,rearm=5,span=80,window=120)",BUY_NOW,down,0.8333333333333334,medium,8,0.227762,"{""span"": 80, ""window"": 120, ""pct"": 0.05, ""rearm"": 5, ""_feasible"": true, ""_n_feasible"": 12, ""_score"": 1.0016}","{""dev_pct"": -10.277301899938063, ""pct_rank"": 0.008333333333333333, ""window"": 120.0, ""span"": 80.0}"
2025-02-17,AMD,reversal,"reversal(max_days_since_min=5,rearm=3,rise_bps=80,window=120)",WINDOW_CLOSING,up,0.797707694874486,slow,8,0.230669,"{""window"": 120, ""rise_bps"": 80, ""max_days_since_min"": 5, ""rearm"": 3, ""_feasible"": true, ""_n_feasible"": 24, ""_score"": 1.7807}","{""rise_pct"": 1.2763323117991776, ""min_rate"": 0.227762, ""days_since_min"": 1.0, ""window"": 120.0}"
2025-02-19,AMD,level,"level(pct=0.1,rearm=5,stall_days=3,window=60)",BUY_NOW,down,0.6666666666666667,medium,8,0.228512,"{""window"": 60, ""pct"": 0.1, ""stall_days"": 3, ""rearm"": 5, ""_feasible"": true, ""_n_feasible"": 19, ""_score"": 1.4902}","{""pct_rank"": 0.03333333333333333, ""window"": 60.0, ""days_since_min"": 3.0}"
2025-02-19,AMD,ml_localmin,"ml_localmin(fp_cost=3.0,gate_pct=0.2,gate_window=120,h=10,min_pos_rate=0.25,rearm=5,seed=0,tol_bps=10.0)",BUY_NOW,down,0.15311271591886824,medium,8,0.228512,"{""h"": 10, ""tol_bps"": 10.0, ""gate_window"": 120, ""gate_pct"": 0.2, ""fp_cost"": 3.0, ""min_pos_rate"": 0.25, ""rearm"": 5, ""seed"": 0, ""threshold"": 0.0005, ""_fitted"": true, ""_pos_rate_val"": 0.833}","{""proba"": 0.15311271591886824, ""pct_rank"": 0.016666666666666666, ""window"": 120.0}"
2025-02-21,AMD,dip_vs_trend,"dip_vs_trend(pct=0.05,rearm=5,span=80,window=120)",BUY_NOW,down,0.8333333333333334,medium,8,0.223543,"{""span"": 80, ""window"": 120, ""pct"": 0.05, ""rearm"": 5, ""_feasible"": true, ""_n_feasible"": 12, ""_score"": 1.0016}","{""dev_pct"": -11.461943063256253, ""pct_rank"": 0.008333333333333333, ""window"": 120.0, ""span"": 80.0}"
2025-02-26,AMD,ml_localmin,"ml_localmin(fp_cost=3.0,gate_pct=0.2,gate_window=120,h=10,min_pos_rate=0.25,rearm=5,seed=0,tol_bps=10.0)",BUY_NOW,down,0.23465834476460784,medium,8,0.218363,"{""h"": 10, ""tol_bps"": 10.0, ""gate_window"": 120, ""gate_pct"": 0.2, ""fp_cost"": 3.0, ""min_pos_rate"": 0.25, ""rearm"": 5, ""seed"": 0, ""threshold"": 0.0005, ""_fitted"": true, ""_pos_rate_val"": 0.833}","{""proba"": 0.23465834476460784, ""pct_rank"": 0.008333333333333333, ""window"": 120.0}"
2025-02-27,AMD,reversal,"reversal(max_days_since_min=5,rearm=3,rise_bps=80,window=120)",WINDOW_CLOSING,up,1.0,slow,8,0.222999,"{""window"": 120, ""rise_bps"": 80, ""max_days_since_min"": 5, ""rearm"": 3, ""_feasible"": true, ""_n_feasible"": 24, ""_score"": 1.7807}","{""rise_pct"": 2.123070300371399, ""min_rate"": 0.218363, ""days_since_min"": 1.0, ""window"": 120.0}"
2025-03-04,AMD,reversal,"reversal(max_days_since_min=5,rearm=3,rise_bps=80,window=120)",WINDOW_CLOSING,up,1.0,slow,8,0.22659,"{""window"": 120, ""rise_bps"": 80, ""max_days_since_min"": 5, ""rearm"": 3, ""_feasible"": true, ""_n_feasible"": 24, ""_score"": 1.7807}","{""rise_pct"": 3.7675796723803945, ""min_rate"": 0.218363, ""days_since_min"": 4.0, ""window"": 120.0}"
2025-03-06,AMD,ml_localmin,"ml_localmin(fp_cost=3.0,gate_pct=0.2,gate_window=120,h=10,min_pos_rate=0.25,rearm=5,seed=0,tol_bps=10.0)",BUY_NOW,down,0.000542184282957495,medium,8,0.227007,"{""h"": 10, ""tol_bps"": 10.0, ""gate_window"": 120, ""gate_pct"": 0.2, ""fp_cost"": 3.0, ""min_pos_rate"": 0.25, ""rearm"": 5, ""seed"": 0, ""threshold"": 0.0005, ""_fitted"": true, ""_pos_rate_val"": 0.833}","{""proba"": 0.000542184282957495, ""pct_rank"": 0.08333333333333333, ""window"": 120.0}"
2025-03-10,AMD,level,"level(pct=0.1,rearm=5,stall_days=3,window=60)",BUY_NOW,down,0.0,medium,8,0.223918,"{""window"": 60, ""pct"": 0.1, ""stall_days"": 3, ""rearm"": 5, ""_feasible"": true, ""_n_feasible"": 19, ""_score"": 1.4902}","{""pct_rank"": 0.1, ""window"": 60.0, ""days_since_min"": 8.0}"
2025-03-11,AMD,dip_vs_trend,"dip_vs_trend(pct=0.05,rearm=5,span=80,window=120)",BUY_NOW,down,0.5,medium,8,0.219691,"{""span"": 80, ""window"": 120, ""pct"": 0.05, ""rearm"": 5, ""_feasible"": true, ""_n_feasible"": 12, ""_score"": 1.0016}","{""dev_pct"": -11.533069972023746, ""pct_rank"": 0.025, ""window"": 120.0, ""span"": 80.0}"
2025-03-13,AMD,ml_localmin,"ml_localmin(fp_cost=3.0,gate_pct=0.2,gate_window=120,h=10,min_pos_rate=0.25,rearm=5,seed=0,tol_bps=10.0)",BUY_NOW,down,0.004458867089359527,medium,8,0.22055,"{""h"": 10, ""tol_bps"": 10.0, ""gate_window"": 120, ""gate_pct"": 0.2, ""fp_cost"": 3.0, ""min_pos_rate"": 0.25, ""rearm"": 5, ""seed"": 0, ""threshold"": 0.0005, ""_fitted"": true, ""_pos_rate_val"": 0.833}","{""proba"": 0.004458867089359527, ""pct_rank"": 0.041666666666666664, ""window"": 120.0}"
2025-03-18,AMD,dip_vs_trend,"dip_vs_trend(pct=0.05,rearm=5,span=80,window=120)",BUY_NOW,down,0.8333333333333334,medium,8,0.208146,"{""span"": 80, ""window"": 120, ""pct"": 0.05, ""rearm"": 5, ""_feasible"": true, ""_n_feasible"": 12, ""_score"": 1.0016}","{""dev_pct"": -15.371777978482015, ""pct_rank"": 0.008333333333333333, ""window"": 120.0, ""span"": 80.0}"
2025-03-19,AMD,reversal,"reversal(max_days_since_min=5,rearm=3,rise_bps=80,window=120)",WINDOW_CLOSING,up,1.0,slow,8,0.211581,"{""window"": 120, ""rise_bps"": 80, ""max_days_since_min"": 5, ""rearm"": 3, ""_feasible"": true, ""_n_feasible"": 24, ""_score"": 1.7807}","{""rise_pct"": 1.6502839353146337, ""min_rate"": 0.208146, ""days_since_min"": 1.0, ""window"": 120.0}"
2025-03-20,AMD,ml_localmin,"ml_localmin(fp_cost=3.0,gate_pct=0.2,gate_window=120,h=10,min_pos_rate=0.25,rearm=5,seed=0,tol_bps=10.0)",BUY_NOW,down,0.003036338380871259,medium,8,0.215152,"{""h"": 10, ""tol_bps"": 10.0, ""gate_window"": 120, ""gate_pct"": 0.2, ""fp_cost"": 3.0, ""min_pos_rate"": 0.25, ""rearm"": 5, ""seed"": 0, ""threshold"": 0.0005, ""_fitted"": true, ""_pos_rate_val"": 0.833}","{""proba"": 0.003036338380871259, ""pct_rank"": 0.03333333333333333, ""window"": 120.0}"
2025-03-21,AMD,level,"level(pct=0.1,rearm=5,stall_days=3,window=60)",BUY_NOW,down,0.16666666666666674,medium,8,0.215621,"{""window"": 60, ""pct"": 0.1, ""stall_days"": 3, ""rearm"": 5, ""_feasible"": true, ""_n_feasible"": 19, ""_score"": 1.4902}","{""pct_rank"": 0.08333333333333333, ""window"": 60.0, ""days_since_min"": 3.0}"
2025-03-24,AMD,reversal,"reversal(max_days_since_min=5,rearm=3,rise_bps=80,window=120)",WINDOW_CLOSING,up,1.0,slow,8,0.214056,"{""window"": 120, ""rise_bps"": 80, ""max_days_since_min"": 5, ""rearm"": 3, ""_feasible"": true, ""_n_feasible"": 24, ""_score"": 1.7807}","{""rise_pct"": 2.8393531463491994, ""min_rate"": 0.208146, ""days_since_min"": 4.0, ""window"": 120.0}"
2025-03-27,AMD,ml_localmin,"ml_localmin(fp_cost=3.0,gate_pct=0.2,gate_window=120,h=10,min_pos_rate=0.25,rearm=5,seed=0,tol_bps=10.0)",BUY_NOW,down,0.04214216531341867,medium,8,0.213968,"{""h"": 10, ""tol_bps"": 10.0, ""gate_window"": 120, ""gate_pct"": 0.2, ""fp_cost"": 3.0, ""min_pos_rate"": 0.25, ""rearm"": 5, ""seed"": 0, ""threshold"": 0.0005, ""_fitted"": true, ""_pos_rate_val"": 0.833}","{""proba"": 0.04214216531341867, ""pct_rank"": 0.025, ""window"": 120.0}"
2025-03-28,AMD,level,"level(pct=0.1,rearm=5,stall_days=3,window=60)",BUY_NOW,down,0.5,medium,8,0.213696,"{""window"": 60, ""pct"": 0.1, ""stall_days"": 3, ""rearm"": 5, ""_feasible"": true, ""_n_feasible"": 19, ""_score"": 1.4902}","{""pct_rank"": 0.05, ""window"": 60.0, ""days_since_min"": 8.0}"
2025-04-03,AMD,ml_localmin,"ml_localmin(fp_cost=3.0,gate_pct=0.2,gate_window=120,h=10,min_pos_rate=0.25,rearm=5,seed=0,tol_bps=10.0)",BUY_NOW,down,0.001020521241417514,medium,8,0.215637,"{""h"": 10, ""tol_bps"": 10.0, ""gate_window"": 120, ""gate_pct"": 0.2, ""fp_cost"": 3.0, ""min_pos_rate"": 0.25, ""rearm"": 5, ""seed"": 0, ""threshold"": 0.0005, ""_fitted"": true, ""_pos_rate_val"": 0.833}","{""proba"": 0.001020521241417514, ""pct_rank"": 0.09166666666666666, ""window"": 120.0}"
2025-04-11,AMD,level,"level(pct=0.1,rearm=5,stall_days=3,window=60)",BUY_NOW,down,0.0,medium,8,0.214806,"{""window"": 60, ""pct"": 0.1, ""stall_days"": 3, ""rearm"": 5, ""_feasible"": true, ""_n_feasible"": 19, ""_score"": 1.4902}","{""pct_rank"": 0.1, ""window"": 60.0, ""days_since_min"": 18.0}"
2025-04-11,AMD,ml_localmin,"ml_localmin(fp_cost=3.0,gate_pct=0.2,gate_window=120,h=10,min_pos_rate=0.25,rearm=5,seed=0,tol_bps=10.0)",BUY_NOW,down,0.017811515343496807,medium,8,0.214806,"{""h"": 10, ""tol_bps"": 10.0, ""gate_window"": 120, ""gate_pct"": 0.2, ""fp_cost"": 3.0, ""min_pos_rate"": 0.25, ""rearm"": 5, ""seed"": 0, ""threshold"": 0.0005, ""_fitted"": true, ""_pos_rate_val"": 0.833}","{""proba"": 0.017811515343496807, ""pct_rank"": 0.05, ""window"": 120.0}"
2025-04-18,AMD,ml_localmin,"ml_localmin(fp_cost=3.0,gate_pct=0.2,gate_window=120,h=10,min_pos_rate=0.25,rearm=5,seed=0,tol_bps=10.0)",BUY_NOW,down,0.3315981397302527,medium,8,0.207565,"{""h"": 10, ""tol_bps"": 10.0, ""gate_window"": 120, ""gate_pct"": 0.2, ""fp_cost"": 3.0, ""min_pos_rate"": 0.25, ""rearm"": 5, ""seed"": 0, ""threshold"": 0.0005, ""_fitted"": true, ""_pos_rate_val"": 0.833}","{""proba"": 0.3315981397302527, ""pct_rank"": 0.008333333333333333, ""window"": 120.0}"
2025-04-22,AMD,reversal,"reversal(max_days_since_min=5,rearm=3,rise_bps=80,window=120)",WINDOW_CLOSING,up,0.604733421660883,slow,8,0.208807,"{""window"": 120, ""rise_bps"": 80, ""max_days_since_min"": 5, ""rearm"": 3, ""_feasible"": true, ""_n_feasible"": 24, ""_score"": 1.7807}","{""rise_pct"": 0.9675734746574127, ""min_rate"": 0.206806, ""days_since_min"": 1.0, ""window"": 120.0}"
2025-04-25,AMD,ml_localmin,"ml_localmin(fp_cost=3.0,gate_pct=0.2,gate_window=120,h=10,min_pos_rate=0.25,rearm=5,seed=0,tol_bps=10.0)",BUY_NOW,down,0.001423152639634158,medium,8,0.211756,"{""h"": 10, ""tol_bps"": 10.0, ""gate_window"": 120, ""gate_pct"": 0.2, ""fp_cost"": 3.0, ""min_pos_rate"": 0.25, ""rearm"": 5, ""seed"": 0, ""threshold"": 0.0005, ""_fitted"": true, ""_pos_rate_val"": 0.833}","{""proba"": 0.001423152639634158, ""pct_rank"": 0.09166666666666666, ""window"": 120.0}"
2025-04-25,AMD,reversal,"reversal(max_days_since_min=5,rearm=3,rise_bps=80,window=120)",WINDOW_CLOSING,up,1.0,slow,8,0.211756,"{""window"": 120, ""rise_bps"": 80, ""max_days_since_min"": 5, ""rearm"": 3, ""_feasible"": true, ""_n_feasible"": 24, ""_score"": 1.7807}","{""rise_pct"": 2.3935475759890856, ""min_rate"": 0.206806, ""days_since_min"": 4.0, ""window"": 120.0}"
2025-04-29,AMD,level,"level(pct=0.1,rearm=5,stall_days=3,window=60)",BUY_NOW,down,0.16666666666666674,medium,8,0.209428,"{""window"": 60, ""pct"": 0.1, ""stall_days"": 3, ""rearm"": 5, ""_feasible"": true, ""_n_feasible"": 19, ""_score"": 1.4902}","{""pct_rank"": 0.08333333333333333, ""window"": 60.0, ""days_since_min"": 6.0}"
2025-05-06,AMD,ml_localmin,"ml_localmin(fp_cost=3.0,gate_pct=0.2,gate_window=120,h=10,min_pos_rate=0.25,rearm=5,seed=0,tol_bps=10.0)",BUY_NOW,down,0.22103537382429125,medium,8,0.207889,"{""h"": 10, ""tol_bps"": 10.0, ""gate_window"": 120, ""gate_pct"": 0.2, ""fp_cost"": 3.0, ""min_pos_rate"": 0.25, ""rearm"": 5, ""seed"": 0, ""threshold"": 0.0005, ""_fitted"": true, ""_pos_rate_val"": 0.833}","{""proba"": 0.22103537382429125, ""pct_rank"": 0.025, ""window"": 120.0}"
2025-05-12,AMD,level,"level(pct=0.1,rearm=5,stall_days=3,window=60)",BUY_NOW,down,0.16666666666666674,medium,8,0.208014,"{""window"": 60, ""pct"": 0.1, ""stall_days"": 3, ""rearm"": 5, ""_feasible"": true, ""_n_feasible"": 19, ""_score"": 1.4902}","{""pct_rank"": 0.08333333333333333, ""window"": 60.0, ""days_since_min"": 11.0}"
2025-05-15,AMD,ml_localmin,"ml_localmin(fp_cost=3.0,gate_pct=0.2,gate_window=120,h=10,min_pos_rate=0.25,rearm=5,seed=0,tol_bps=10.0)",BUY_NOW,down,0.0015383184151895211,medium,8,0.20756,"{""h"": 10, ""tol_bps"": 10.0, ""gate_window"": 120, ""gate_pct"": 0.2, ""fp_cost"": 3.0, ""min_pos_rate"": 0.25, ""rearm"": 5, ""seed"": 0, ""threshold"": 0.0005, ""_fitted"": true, ""_pos_rate_val"": 0.833}","{""proba"": 0.0015383184151895211, ""pct_rank"": 0.03333333333333333, ""window"": 120.0}"
2025-05-16,AMD,reversal,"reversal(max_days_since_min=5,rearm=3,rise_bps=80,window=120)",WINDOW_CLOSING,up,0.6952269946364775,slow,8,0.209067,"{""window"": 120, ""rise_bps"": 80, ""max_days_since_min"": 5, ""rearm"": 3, ""_feasible"": true, ""_n_feasible"": 24, ""_score"": 1.7807}","{""rise_pct"": 1.112363191418364, ""min_rate"": 0.206767, ""days_since_min"": 2.0, ""window"": 120.0}"
2025-05-21,AMD,level,"level(pct=0.1,rearm=5,stall_days=3,window=60)",BUY_NOW,down,0.5,medium,8,0.207118,"{""window"": 60, ""pct"": 0.1, ""stall_days"": 3, ""rearm"": 5, ""_feasible"": true, ""_n_feasible"": 19, ""_score"": 1.4902}","{""pct_rank"": 0.05, ""window"": 60.0, ""days_since_min"": 5.0}"
2025-05-22,AMD,ml_localmin,"ml_localmin(fp_cost=3.0,gate_pct=0.2,gate_window=120,h=10,min_pos_rate=0.25,rearm=5,seed=0,tol_bps=10.0)",BUY_NOW,down,0.0027838720058071943,medium,8,0.207407,"{""h"": 10, ""tol_bps"": 10.0, ""gate_window"": 120, ""gate_pct"": 0.2, ""fp_cost"": 3.0, ""min_pos_rate"": 0.25, ""rearm"": 5, ""seed"": 0, ""threshold"": 0.0005, ""_fitted"": true, ""_pos_rate_val"": 0.833}","{""proba"": 0.0027838720058071943, ""pct_rank"": 0.03333333333333333, ""window"": 120.0}"
2025-05-28,AMD,level,"level(pct=0.1,rearm=5,stall_days=3,window=60)",BUY_NOW,down,0.5,medium,8,0.207107,"{""window"": 60, ""pct"": 0.1, ""stall_days"": 3, ""rearm"": 5, ""_feasible"": true, ""_n_feasible"": 19, ""_score"": 1.4902}","{""pct_rank"": 0.05, ""window"": 60.0, ""days_since_min"": 10.0}"
2025-05-29,AMD,ml_localmin,"ml_localmin(fp_cost=3.0,gate_pct=0.2,gate_window=120,h=10,min_pos_rate=0.25,rearm=5,seed=0,tol_bps=10.0)",BUY_NOW,down,0.2747994444173906,medium,8,0.204339,"{""h"": 10, ""tol_bps"": 10.0, ""gate_window"": 120, ""gate_pct"": 0.2, ""fp_cost"": 3.0, ""min_pos_rate"": 0.25, ""rearm"": 5, ""seed"": 0, ""threshold"": 0.0005, ""_fitted"": true, ""_pos_rate_val"": 0.833}","{""proba"": 0.2747994444173906, ""pct_rank"": 0.008333333333333333, ""window"": 120.0}"
2025-06-02,AMD,reversal,"reversal(max_days_since_min=5,rearm=3,rise_bps=80,window=120)",WINDOW_CLOSING,up,0.5358742090349894,slow,8,0.206091,"{""window"": 120, ""rise_bps"": 80, ""max_days_since_min"": 5, ""rearm"": 3, ""_feasible"": true, ""_n_feasible"": 24, ""_score"": 1.7807}","{""rise_pct"": 0.857398734455983, ""min_rate"": 0.204339, ""days_since_min"": 2.0, ""window"": 120.0}"
2025-06-04,AMD,level,"level(pct=0.1,rearm=5,stall_days=3,window=60)",BUY_NOW,down,0.6666666666666667,medium,8,0.204561,"{""window"": 60, ""pct"": 0.1, ""stall_days"": 3, ""rearm"": 5, ""_feasible"": true, ""_n_feasible"": 19, ""_score"": 1.4902}","{""pct_rank"": 0.03333333333333333, ""window"": 60.0, ""days_since_min"": 4.0}"
2025-06-05,AMD,reversal,"reversal(max_days_since_min=5,rearm=3,rise_bps=80,window=120)",WINDOW_CLOSING,up,0.6251865772074899,slow,8,0.206383,"{""window"": 120, ""rise_bps"": 80, ""max_days_since_min"": 5, ""rearm"": 3, ""_feasible"": true, ""_n_feasible"": 24, ""_score"": 1.7807}","{""rise_pct"": 1.000298523531984, ""min_rate"": 0.204339, ""days_since_min"": 5.0, ""window"": 120.0}"
2025-06-06,AMD,ml_localmin,"ml_localmin(fp_cost=3.0,gate_pct=0.2,gate_window=120,h=10,min_pos_rate=0.25,rearm=5,seed=0,tol_bps=10.0)",BUY_NOW,down,0.0014392684850301966,medium,8,0.206463,"{""h"": 10, ""tol_bps"": 10.0, ""gate_window"": 120, ""gate_pct"": 0.2, ""fp_cost"": 3.0, ""min_pos_rate"": 0.25, ""rearm"": 5, ""seed"": 0, ""threshold"": 0.0005, ""_fitted"": true, ""_pos_rate_val"": 0.833}","{""proba"": 0.0014392684850301966, ""pct_rank"": 0.058333333333333334, ""window"": 120.0}"
2025-06-16,AMD,level,"level(pct=0.1,rearm=5,stall_days=3,window=60)",BUY_NOW,down,0.5,medium,8,0.204572,"{""window"": 60, ""pct"": 0.1, ""stall_days"": 3, ""rearm"": 5, ""_feasible"": true, ""_n_feasible"": 19, ""_score"": 1.4902}","{""pct_rank"": 0.05, ""window"": 60.0, ""days_since_min"": 10.0}"
2025-06-17,AMD,ml_localmin,"ml_localmin(fp_cost=3.0,gate_pct=0.2,gate_window=120,h=10,min_pos_rate=0.25,rearm=5,seed=0,tol_bps=10.0)",BUY_NOW,down,0.026463853501839506,medium,8,0.204834,"{""h"": 10, ""tol_bps"": 10.0, ""gate_window"": 120, ""gate_pct"": 0.2, ""fp_cost"": 3.0, ""min_pos_rate"": 0.25, ""rearm"": 5, ""seed"": 0, ""threshold"": 0.0005, ""_fitted"": true, ""_pos_rate_val"": 0.833}","{""proba"": 0.026463853501839506, ""pct_rank"": 0.041666666666666664, ""window"": 120.0}"
2025-06-24,AMD,ml_localmin,"ml_localmin(fp_cost=3.0,gate_pct=0.2,gate_window=120,h=10,min_pos_rate=0.25,rearm=5,seed=0,tol_bps=10.0)",BUY_NOW,down,0.015208942555022777,medium,8,0.203281,"{""h"": 10, ""tol_bps"": 10.0, ""gate_window"": 120, ""gate_pct"": 0.2, ""fp_cost"": 3.0, ""min_pos_rate"": 0.25, ""rearm"": 5, ""seed"": 0, ""threshold"": 0.0005, ""_fitted"": true, ""_pos_rate_val"": 0.833}","{""proba"": 0.015208942555022777, ""pct_rank"": 0.016666666666666666, ""window"": 120.0}"
2025-06-24,AMD,seasonality,"seasonality(from_day=24,min_share=0.6,min_years=4,rearm=20)",BUY_NOW,down,0.7,slow,8,0.203281,"{""min_share"": 0.6, ""min_years"": 4, ""from_day"": 24, ""rearm"": 20, ""_feasible"": true, ""_n_feasible"": 8, ""_score"": 0.9468}","{""k_years"": 7.0, ""n_years"": 10.0, ""target_month"": 7.0}"
2025-06-26,AMD,level,"level(pct=0.1,rearm=5,stall_days=3,window=60)",BUY_NOW,down,0.5,medium,8,0.203195,"{""window"": 60, ""pct"": 0.1, ""stall_days"": 3, ""rearm"": 5, ""_feasible"": true, ""_n_feasible"": 19, ""_score"": 1.4902}","{""pct_rank"": 0.05, ""window"": 60.0, ""days_since_min"": 3.0}"
2025-07-08,AMD,level,"level(pct=0.05,rearm=5,stall_days=0,window=250)",BUY_NOW,down,0.6000000000000001,medium,9,0.203462,"{""window"": 250, ""pct"": 0.05, ""stall_days"": 0, ""rearm"": 5, ""_feasible"": true, ""_n_feasible"": 14, ""_score"": 1.6467}","{""pct_rank"": 0.02, ""window"": 250.0, ""days_since_min"": 11.0}"
2025-07-08,AMD,ml_localmin,"ml_localmin(fp_cost=3.0,gate_pct=0.2,gate_window=120,h=10,min_pos_rate=0.25,rearm=5,seed=0,tol_bps=10.0)",BUY_NOW,down,0.015886187525510687,medium,9,0.203462,"{""h"": 10, ""tol_bps"": 10.0, ""gate_window"": 120, ""gate_pct"": 0.2, ""fp_cost"": 3.0, ""min_pos_rate"": 0.25, ""rearm"": 5, ""seed"": 0, ""threshold"": 0.0039, ""_fitted"": true, ""_pos_rate_val"": 0.479}","{""proba"": 0.015886187525510687, ""pct_rank"": 0.041666666666666664, ""window"": 120.0}"
2025-07-15,AMD,level,"level(pct=0.05,rearm=5,stall_days=0,window=250)",BUY_NOW,down,0.6799999999999999,medium,9,0.202953,"{""window"": 250, ""pct"": 0.05, ""stall_days"": 0, ""rearm"": 5, ""_feasible"": true, ""_n_feasible"": 14, ""_score"": 1.6467}","{""pct_rank"": 0.016, ""window"": 250.0, ""days_since_min"": 16.0}"
2025-07-15,AMD,ml_localmin,"ml_localmin(fp_cost=3.0,gate_pct=0.2,gate_window=120,h=10,min_pos_rate=0.25,rearm=5,seed=0,tol_bps=10.0)",BUY_NOW,down,0.010328431236469345,medium,9,0.202953,"{""h"": 10, ""tol_bps"": 10.0, ""gate_window"": 120, ""gate_pct"": 0.2, ""fp_cost"": 3.0, ""min_pos_rate"": 0.25, ""rearm"": 5, ""seed"": 0, ""threshold"": 0.0039, ""_fitted"": true, ""_pos_rate_val"": 0.479}","{""proba"": 0.010328431236469345, ""pct_rank"": 0.03333333333333333, ""window"": 120.0}"
2025-07-22,AMD,level,"level(pct=0.05,rearm=5,stall_days=0,window=250)",BUY_NOW,down,0.28000000000000014,medium,9,0.203371,"{""window"": 250, ""pct"": 0.05, ""stall_days"": 0, ""rearm"": 5, ""_feasible"": true, ""_n_feasible"": 14, ""_score"": 1.6467}","{""pct_rank"": 0.036, ""window"": 250.0, ""days_since_min"": 21.0}"
2025-07-24,AMD,seasonality,"seasonality(from_day=24,min_share=0.6,min_years=4,rearm=20)",BUY_NOW,down,0.8,slow,9,0.20551,"{""min_share"": 0.6, ""min_years"": 4, ""from_day"": 24, ""rearm"": 20, ""_feasible"": true, ""_n_feasible"": 8, ""_score"": 0.9468}","{""k_years"": 8.0, ""n_years"": 10.0, ""target_month"": 8.0}"
2025-10-14,AMD,momentum,"momentum(n=6,rearm=3)",BUY_NOW,down,0.5,fast,9,0.208895,"{""n"": 6, ""rearm"": 3, ""_feasible"": true, ""_n_feasible"": 4, ""_score"": 1.3522}","{""streak"": 6.0, ""drop_pct"": -3.71194940723123}"
2025-10-24,AMD,seasonality,"seasonality(from_day=24,min_share=0.6,min_years=4,rearm=20)",BUY_NOW,down,0.7,slow,9,0.211386,"{""min_share"": 0.6, ""min_years"": 4, ""from_day"": 24, ""rearm"": 20, ""_feasible"": true, ""_n_feasible"": 8, ""_score"": 0.9468}","{""k_years"": 7.0, ""n_years"": 10.0, ""target_month"": 11.0}"
2025-12-01,AMD,ml_localmin,"ml_localmin(fp_cost=3.0,gate_pct=0.2,gate_window=120,h=10,min_pos_rate=0.25,rearm=5,seed=0,tol_bps=10.0)",BUY_NOW,down,0.20418488677442573,medium,9,0.203842,"{""h"": 10, ""tol_bps"": 10.0, ""gate_window"": 120, ""gate_pct"": 0.2, ""fp_cost"": 3.0, ""min_pos_rate"": 0.25, ""rearm"": 5, ""seed"": 0, ""threshold"": 0.0039, ""_fitted"": true, ""_pos_rate_val"": 0.479}","{""proba"": 0.20418488677442573, ""pct_rank"": 0.13333333333333333, ""window"": 120.0}"
2025-12-02,AMD,dip_vs_trend,"dip_vs_trend(pct=0.05,rearm=5,span=80,window=120)",BUY_NOW,down,0.0,medium,9,0.203187,"{""span"": 80, ""window"": 120, ""pct"": 0.05, ""rearm"": 5, ""_feasible"": true, ""_n_feasible"": 8, ""_score"": 0.9591}","{""dev_pct"": -4.165969502594502, ""pct_rank"": 0.05, ""window"": 120.0, ""span"": 80.0}"
2025-12-02,AMD,level,"level(pct=0.05,rearm=5,stall_days=0,window=250)",BUY_NOW,down,0.44000000000000006,medium,9,0.203187,"{""window"": 250, ""pct"": 0.05, ""stall_days"": 0, ""rearm"": 5, ""_feasible"": true, ""_n_feasible"": 14, ""_score"": 1.6467}","{""pct_rank"": 0.028, ""window"": 250.0, ""days_since_min"": 115.0}"
2025-12-08,AMD,reversal,"reversal(max_days_since_min=5,rearm=3,rise_bps=80,window=120)",WINDOW_CLOSING,up,0.9607237577647643,slow,9,0.202525,"{""window"": 120, ""rise_bps"": 80, ""max_days_since_min"": 5, ""rearm"": 3, ""_feasible"": true, ""_n_feasible"": 19, ""_score"": 1.6467}","{""rise_pct"": 1.5371580124236228, ""min_rate"": 0.199459, ""days_since_min"": 1.0, ""window"": 120.0}"
2025-12-09,AMD,dip_vs_trend,"dip_vs_trend(pct=0.05,rearm=5,span=80,window=120)",BUY_NOW,down,0.6666666666666667,medium,9,0.201248,"{""span"": 80, ""window"": 120, ""pct"": 0.05, ""rearm"": 5, ""_feasible"": true, ""_n_feasible"": 8, ""_score"": 0.9591}","{""dev_pct"": -4.89731702623124, ""pct_rank"": 0.016666666666666666, ""window"": 120.0, ""span"": 80.0}"
2025-12-09,AMD,level,"level(pct=0.05,rearm=5,stall_days=0,window=250)",BUY_NOW,down,0.84,medium,9,0.201248,"{""window"": 250, ""pct"": 0.05, ""stall_days"": 0, ""rearm"": 5, ""_feasible"": true, ""_n_feasible"": 14, ""_score"": 1.6467}","{""pct_rank"": 0.008, ""window"": 250.0, ""days_since_min"": 2.0}"
2025-12-09,AMD,ml_localmin,"ml_localmin(fp_cost=3.0,gate_pct=0.2,gate_window=120,h=10,min_pos_rate=0.25,rearm=5,seed=0,tol_bps=10.0)",BUY_NOW,down,0.06850069883653963,medium,9,0.201248,"{""h"": 10, ""tol_bps"": 10.0, ""gate_window"": 120, ""gate_pct"": 0.2, ""fp_cost"": 3.0, ""min_pos_rate"": 0.25, ""rearm"": 5, ""seed"": 0, ""threshold"": 0.0039, ""_fitted"": true, ""_pos_rate_val"": 0.479}","{""proba"": 0.06850069883653963, ""pct_rank"": 0.016666666666666666, ""window"": 120.0}"
2025-12-11,AMD,reversal,"reversal(max_days_since_min=5,rearm=3,rise_bps=80,window=120)",WINDOW_CLOSING,up,1.0,slow,9,0.207783,"{""window"": 120, ""rise_bps"": 80, ""max_days_since_min"": 5, ""rearm"": 3, ""_feasible"": true, ""_n_feasible"": 19, ""_score"": 1.6467}","{""rise_pct"": 4.17328874605809, ""min_rate"": 0.199459, ""days_since_min"": 4.0, ""window"": 120.0}"
2025-12-23,AMD,ml_localmin,"ml_localmin(fp_cost=3.0,gate_pct=0.2,gate_window=120,h=10,min_pos_rate=0.25,rearm=5,seed=0,tol_bps=10.0)",BUY_NOW,down,0.017540146733963837,medium,9,0.205963,"{""h"": 10, ""tol_bps"": 10.0, ""gate_window"": 120, ""gate_pct"": 0.2, ""fp_cost"": 3.0, ""min_pos_rate"": 0.25, ""rearm"": 5, ""seed"": 0, ""threshold"": 0.0039, ""_fitted"": true, ""_pos_rate_val"": 0.479}","{""proba"": 0.017540146733963837, ""pct_rank"": 0.2, ""window"": 120.0}"
2025-12-29,AMD,level,"level(pct=0.05,rearm=5,stall_days=0,window=250)",BUY_NOW,down,0.20000000000000007,medium,9,0.203027,"{""window"": 250, ""pct"": 0.05, ""stall_days"": 0, ""rearm"": 5, ""_feasible"": true, ""_n_feasible"": 14, ""_score"": 1.6467}","{""pct_rank"": 0.04, ""window"": 250.0, ""days_since_min"": 16.0}"
2025-12-29,AMD,momentum,"momentum(n=6,rearm=3)",BUY_NOW,down,0.5,fast,9,0.203027,"{""n"": 6, ""rearm"": 3, ""_feasible"": true, ""_n_feasible"": 4, ""_score"": 1.3522}","{""streak"": 6.0, ""drop_pct"": -4.055139692261156}"
2026-01-21,AMD,ml_localmin,"ml_localmin(fp_cost=3.0,gate_pct=0.2,gate_window=120,h=10,min_pos_rate=0.25,rearm=5,seed=0,tol_bps=10.0)",BUY_NOW,down,0.09959391063511913,medium,10,0.204452,"{""h"": 10, ""tol_bps"": 10.0, ""gate_window"": 120, ""gate_pct"": 0.2, ""fp_cost"": 3.0, ""min_pos_rate"": 0.25, ""rearm"": 5, ""seed"": 0, ""threshold"": 0.0919, ""_fitted"": true, ""_pos_rate_val"": 0.26}","{""proba"": 0.09959391063511913, ""pct_rank"": 0.09166666666666666, ""window"": 120.0}"
2026-01-22,AMD,level,"level(pct=0.05,rearm=5,stall_days=3,window=60)",BUY_NOW,down,0.33333333333333337,medium,10,0.200586,"{""window"": 60, ""pct"": 0.05, ""stall_days"": 3, ""rearm"": 5, ""_feasible"": true, ""_n_feasible"": 13, ""_score"": 1.3194}","{""pct_rank"": 0.03333333333333333, ""window"": 60.0, ""days_since_min"": 26.0}"
2026-01-28,AMD,ml_localmin,"ml_localmin(fp_cost=3.0,gate_pct=0.2,gate_window=120,h=10,min_pos_rate=0.25,rearm=5,seed=0,tol_bps=10.0)",BUY_NOW,down,0.09297622005210998,medium,10,0.201304,"{""h"": 10, ""tol_bps"": 10.0, ""gate_window"": 120, ""gate_pct"": 0.2, ""fp_cost"": 3.0, ""min_pos_rate"": 0.25, ""rearm"": 5, ""seed"": 0, ""threshold"": 0.0919, ""_fitted"": true, ""_pos_rate_val"": 0.26}","{""proba"": 0.09297622005210998, ""pct_rank"": 0.05, ""window"": 120.0}"
2026-01-29,AMD,level,"level(pct=0.05,rearm=5,stall_days=3,window=60)",BUY_NOW,down,0.0,medium,10,0.200541,"{""window"": 60, ""pct"": 0.05, ""stall_days"": 3, ""rearm"": 5, ""_feasible"": true, ""_n_feasible"": 13, ""_score"": 1.3194}","{""pct_rank"": 0.05, ""window"": 60.0, ""days_since_min"": 31.0}"
2026-04-08,AMD,dip_vs_trend,"dip_vs_trend(pct=0.05,rearm=5,span=20,window=250)",BUY_NOW,down,0.44000000000000006,medium,10,0.208079,"{""span"": 20, ""window"": 250, ""pct"": 0.05, ""rearm"": 5, ""_feasible"": true, ""_n_feasible"": 10, ""_score"": 0.9015}","{""dev_pct"": -3.1049815166089734, ""pct_rank"": 0.028, ""window"": 250.0, ""span"": 20.0}"
2026-04-15,AMD,dip_vs_trend,"dip_vs_trend(pct=0.05,rearm=5,span=20,window=250)",BUY_NOW,down,0.92,medium,10,0.200904,"{""span"": 20, ""window"": 250, ""pct"": 0.05, ""rearm"": 5, ""_feasible"": true, ""_n_feasible"": 10, ""_score"": 0.9015}","{""dev_pct"": -5.213305918553946, ""pct_rank"": 0.004, ""window"": 250.0, ""span"": 20.0}"
2026-04-15,AMD,ml_localmin,"ml_localmin(fp_cost=3.0,gate_pct=0.2,gate_window=120,h=10,min_pos_rate=0.25,rearm=5,seed=0,tol_bps=10.0)",BUY_NOW,down,0.1242095097672219,medium,10,0.200904,"{""h"": 10, ""tol_bps"": 10.0, ""gate_window"": 120, ""gate_pct"": 0.2, ""fp_cost"": 3.0, ""min_pos_rate"": 0.25, ""rearm"": 5, ""seed"": 0, ""threshold"": 0.0919, ""_fitted"": true, ""_pos_rate_val"": 0.26}","{""proba"": 0.1242095097672219, ""pct_rank"": 0.058333333333333334, ""window"": 120.0}"
2026-04-15,AMD,momentum,"momentum(n=6,rearm=3)",BUY_NOW,down,0.5,fast,10,0.200904,"{""n"": 6, ""rearm"": 3, ""_feasible"": true, ""_n_feasible"": 4, ""_score"": 1.3522}","{""streak"": 6.0, ""drop_pct"": -3.9559420400709477}"
2026-04-21,AMD,level,"level(pct=0.05,rearm=5,stall_days=3,window=60)",BUY_NOW,down,0.33333333333333337,medium,10,0.200192,"{""window"": 60, ""pct"": 0.05, ""stall_days"": 3, ""rearm"": 5, ""_feasible"": true, ""_n_feasible"": 13, ""_score"": 1.3194}","{""pct_rank"": 0.03333333333333333, ""window"": 60.0, ""days_since_min"": 55.0}"
2026-04-28,AMD,level,"level(pct=0.05,rearm=5,stall_days=3,window=60)",BUY_NOW,down,0.0,medium,10,0.201117,"{""window"": 60, ""pct"": 0.05, ""stall_days"": 3, ""rearm"": 5, ""_feasible"": true, ""_n_feasible"": 13, ""_score"": 1.3194}","{""pct_rank"": 0.05, ""window"": 60.0, ""days_since_min"": 5.0}"
2026-05-12,AMD,ml_localmin,"ml_localmin(fp_cost=3.0,gate_pct=0.2,gate_window=120,h=10,min_pos_rate=0.25,rearm=5,seed=0,tol_bps=10.0)",BUY_NOW,down,0.38033924439524724,medium,10,0.200173,"{""h"": 10, ""tol_bps"": 10.0, ""gate_window"": 120, ""gate_pct"": 0.2, ""fp_cost"": 3.0, ""min_pos_rate"": 0.25, ""rearm"": 5, ""seed"": 0, ""threshold"": 0.0919, ""_fitted"": true, ""_pos_rate_val"": 0.26}","{""proba"": 0.38033924439524724, ""pct_rank"": 0.025, ""window"": 120.0}"
2026-05-13,AMD,momentum,"momentum(n=6,rearm=3)",BUY_NOW,down,0.5,fast,10,0.198958,"{""n"": 6, ""rearm"": 3, ""_feasible"": true, ""_n_feasible"": 4, ""_score"": 1.3522}","{""streak"": 6.0, ""drop_pct"": -2.212719944952324}"
2026-05-19,AMD,dip_vs_trend,"dip_vs_trend(pct=0.05,rearm=5,span=20,window=250)",BUY_NOW,down,0.1200000000000001,medium,10,0.193619,"{""span"": 20, ""window"": 250, ""pct"": 0.05, ""rearm"": 5, ""_feasible"": true, ""_n_feasible"": 10, ""_score"": 0.9015}","{""dev_pct"": -3.5165657659938288, ""pct_rank"": 0.044, ""window"": 250.0, ""span"": 20.0}"
2026-05-19,AMD,ml_localmin,"ml_localmin(fp_cost=3.0,gate_pct=0.2,gate_window=120,h=10,min_pos_rate=0.25,rearm=5,seed=0,tol_bps=10.0)",BUY_NOW,down,0.24205434662825284,medium,10,0.193619,"{""h"": 10, ""tol_bps"": 10.0, ""gate_window"": 120, ""gate_pct"": 0.2, ""fp_cost"": 3.0, ""min_pos_rate"": 0.25, ""rearm"": 5, ""seed"": 0, ""threshold"": 0.0919, ""_fitted"": true, ""_pos_rate_val"": 0.26}","{""proba"": 0.24205434662825284, ""pct_rank"": 0.008333333333333333, ""window"": 120.0}"
2026-05-25,AMD,reversal,"reversal(max_days_since_min=5,rearm=3,rise_bps=80,window=120)",WINDOW_CLOSING,up,0.641440360012055,slow,10,0.194413,"{""window"": 120, ""rise_bps"": 80, ""max_days_since_min"": 5, ""rearm"": 3, ""_feasible"": true, ""_n_feasible"": 17, ""_score"": 1.6467}","{""rise_pct"": 1.026304576019288, ""min_rate"": 0.192438, ""days_since_min"": 2.0, ""window"": 120.0}"
2026-05-27,AMD,level,"level(pct=0.05,rearm=5,stall_days=3,window=60)",BUY_NOW,down,0.33333333333333337,medium,10,0.19264,"{""window"": 60, ""pct"": 0.05, ""stall_days"": 3, ""rearm"": 5, ""_feasible"": true, ""_n_feasible"": 13, ""_score"": 1.3194}","{""pct_rank"": 0.03333333333333333, ""window"": 60.0, ""days_since_min"": 4.0}"
2026-06-22,AMD,seasonality,"seasonality(from_day=20,min_share=0.5,min_years=4,rearm=20)",BUY_NOW,down,0.7272727272727273,slow,10,0.20041,"{""min_share"": 0.5, ""min_years"": 4, ""from_day"": 20, ""rearm"": 20, ""_feasible"": true, ""_n_feasible"": 8, ""_score"": 1.0368}","{""k_years"": 8.0, ""n_years"": 11.0, ""target_month"": 7.0}"
2021-01-14,KGS,ml_localmin,"ml_localmin(fp_cost=3.0,gate_pct=0.2,gate_window=120,h=10,min_pos_rate=0.25,rearm=5,seed=0,tol_bps=10.0)",BUY_NOW,down,0.025202170824593664,medium,0,0.880126,"{""h"": 10, ""tol_bps"": 10.0, ""gate_window"": 120, ""gate_pct"": 0.2, ""fp_cost"": 3.0, ""min_pos_rate"": 0.25, ""rearm"": 5, ""seed"": 0, ""threshold"": 0.0249, ""_fitted"": true, ""_pos_rate_val"": 0.909}","{""proba"": 0.025202170824593664, ""pct_rank"": 0.08333333333333333, ""window"": 120.0}"
2021-01-15,KGS,level,"level(pct=0.05,rearm=5,stall_days=3,window=250)",BUY_NOW,down,0.44000000000000006,medium,0,0.870079,"{""window"": 250, ""pct"": 0.05, ""stall_days"": 3, ""rearm"": 5, ""_feasible"": true, ""_n_feasible"": 7, ""_score"": 1.5721}","{""pct_rank"": 0.028, ""window"": 250.0, ""days_since_min"": 18.0}"
2021-01-21,KGS,ml_localmin,"ml_localmin(fp_cost=3.0,gate_pct=0.2,gate_window=120,h=10,min_pos_rate=0.25,rearm=5,seed=0,tol_bps=10.0)",BUY_NOW,down,0.04701146531533104,medium,0,0.864928,"{""h"": 10, ""tol_bps"": 10.0, ""gate_window"": 120, ""gate_pct"": 0.2, ""fp_cost"": 3.0, ""min_pos_rate"": 0.25, ""rearm"": 5, ""seed"": 0, ""threshold"": 0.0249, ""_fitted"": true, ""_pos_rate_val"": 0.909}","{""proba"": 0.04701146531533104, ""pct_rank"": 0.041666666666666664, ""window"": 120.0}"
2021-02-09,KGS,level,"level(pct=0.05,rearm=5,stall_days=3,window=250)",BUY_NOW,down,0.040000000000000036,medium,0,0.873818,"{""window"": 250, ""pct"": 0.05, ""stall_days"": 3, ""rearm"": 5, ""_feasible"": true, ""_n_feasible"": 7, ""_score"": 1.5721}","{""pct_rank"": 0.048, ""window"": 250.0, ""days_since_min"": 35.0}"
2021-02-10,KGS,momentum,"momentum(n=5,rearm=3)",BUY_NOW,down,0.5,fast,0,0.871887,"{""n"": 5, ""rearm"": 3, ""_feasible"": true, ""_n_feasible"": 2, ""_score"": 1.235}","{""streak"": 5.0, ""drop_pct"": -2.7907790901732454}"
2021-02-15,KGS,ml_localmin,"ml_localmin(fp_cost=3.0,gate_pct=0.2,gate_window=120,h=10,min_pos_rate=0.25,rearm=5,seed=0,tol_bps=10.0)",BUY_NOW,down,0.15753746159347265,medium,0,0.867179,"{""h"": 10, ""tol_bps"": 10.0, ""gate_window"": 120, ""gate_pct"": 0.2, ""fp_cost"": 3.0, ""min_pos_rate"": 0.25, ""rearm"": 5, ""seed"": 0, ""threshold"": 0.0249, ""_fitted"": true, ""_pos_rate_val"": 0.909}","{""proba"": 0.15753746159347265, ""pct_rank"": 0.058333333333333334, ""window"": 120.0}"
2021-02-16,KGS,level,"level(pct=0.05,rearm=5,stall_days=3,window=250)",BUY_NOW,down,0.36,medium,0,0.867415,"{""window"": 250, ""pct"": 0.05, ""stall_days"": 3, ""rearm"": 5, ""_feasible"": true, ""_n_feasible"": 7, ""_score"": 1.5721}","{""pct_rank"": 0.032, ""window"": 250.0, ""days_since_min"": 40.0}"
2021-02-25,KGS,level,"level(pct=0.05,rearm=5,stall_days=3,window=250)",BUY_NOW,down,0.28000000000000014,medium,0,0.868033,"{""window"": 250, ""pct"": 0.05, ""stall_days"": 3, ""rearm"": 5, ""_feasible"": true, ""_n_feasible"": 7, ""_score"": 1.5721}","{""pct_rank"": 0.036, ""window"": 250.0, ""days_since_min"": 46.0}"
2021-02-25,KGS,ml_localmin,"ml_localmin(fp_cost=3.0,gate_pct=0.2,gate_window=120,h=10,min_pos_rate=0.25,rearm=5,seed=0,tol_bps=10.0)",BUY_NOW,down,0.04890454425206114,medium,0,0.868033,"{""h"": 10, ""tol_bps"": 10.0, ""gate_window"": 120, ""gate_pct"": 0.2, ""fp_cost"": 3.0, ""min_pos_rate"": 0.25, ""rearm"": 5, ""seed"": 0, ""threshold"": 0.0249, ""_fitted"": true, ""_pos_rate_val"": 0.909}","{""proba"": 0.04890454425206114, ""pct_rank"": 0.075, ""window"": 120.0}"
2021-03-11,KGS,level,"level(pct=0.05,rearm=5,stall_days=3,window=250)",BUY_NOW,down,0.44000000000000006,medium,0,0.866463,"{""window"": 250, ""pct"": 0.05, ""stall_days"": 3, ""rearm"": 5, ""_feasible"": true, ""_n_feasible"": 7, ""_score"": 1.5721}","{""pct_rank"": 0.028, ""window"": 250.0, ""days_since_min"": 55.0}"
2021-03-11,KGS,ml_localmin,"ml_localmin(fp_cost=3.0,gate_pct=0.2,gate_window=120,h=10,min_pos_rate=0.25,rearm=5,seed=0,tol_bps=10.0)",BUY_NOW,down,0.22891674609297993,medium,0,0.866463,"{""h"": 10, ""tol_bps"": 10.0, ""gate_window"": 120, ""gate_pct"": 0.2, ""fp_cost"": 3.0, ""min_pos_rate"": 0.25, ""rearm"": 5, ""seed"": 0, ""threshold"": 0.0249, ""_fitted"": true, ""_pos_rate_val"": 0.909}","{""proba"": 0.22891674609297993, ""pct_rank"": 0.058333333333333334, ""window"": 120.0}"
2021-04-26,KGS,seasonality,"seasonality(from_day=24,min_share=0.5,min_years=4,rearm=20)",BUY_NOW,down,1.0,slow,0,0.881421,"{""min_share"": 0.5, ""min_years"": 4, ""from_day"": 24, ""rearm"": 20, ""_feasible"": true, ""_n_feasible"": 8, ""_score"": 1.2512}","{""k_years"": 6.0, ""n_years"": 6.0, ""target_month"": 5.0}"
2021-05-17,KGS,ml_localmin,"ml_localmin(fp_cost=3.0,gate_pct=0.2,gate_window=120,h=10,min_pos_rate=0.25,rearm=5,seed=0,tol_bps=10.0)",BUY_NOW,down,0.08431616698149778,medium,0,0.872475,"{""h"": 10, ""tol_bps"": 10.0, ""gate_window"": 120, ""gate_pct"": 0.2, ""fp_cost"": 3.0, ""min_pos_rate"": 0.25, ""rearm"": 5, ""seed"": 0, ""threshold"": 0.0249, ""_fitted"": true, ""_pos_rate_val"": 0.909}","{""proba"": 0.08431616698149778, ""pct_rank"": 0.2, ""window"": 120.0}"
2021-05-26,KGS,seasonality,"seasonality(from_day=24,min_share=0.5,min_years=4,rearm=20)",BUY_NOW,down,0.5,slow,0,0.882262,"{""min_share"": 0.5, ""min_years"": 4, ""from_day"": 24, ""rearm"": 20, ""_feasible"": true, ""_n_feasible"": 8, ""_score"": 1.2512}","{""k_years"": 3.0, ""n_years"": 6.0, ""target_month"": 6.0}"
2021-06-03,KGS,momentum,"momentum(n=5,rearm=3)",BUY_NOW,down,0.5,fast,0,0.866955,"{""n"": 5, ""rearm"": 3, ""_feasible"": true, ""_n_feasible"": 2, ""_score"": 1.235}","{""streak"": 5.0, ""drop_pct"": -1.9953516028604845}"
2021-06-04,KGS,level,"level(pct=0.05,rearm=5,stall_days=3,window=250)",BUY_NOW,down,0.28000000000000014,medium,0,0.865075,"{""window"": 250, ""pct"": 0.05, ""stall_days"": 3, ""rearm"": 5, ""_feasible"": true, ""_n_feasible"": 7, ""_score"": 1.5721}","{""pct_rank"": 0.036, ""window"": 250.0, ""days_since_min"": 114.0}"
2021-06-07,KGS,ml_localmin,"ml_localmin(fp_cost=3.0,gate_pct=0.2,gate_window=120,h=10,min_pos_rate=0.25,rearm=5,seed=0,tol_bps=10.0)",BUY_NOW,down,0.08531127796560253,medium,0,0.861036,"{""h"": 10, ""tol_bps"": 10.0, ""gate_window"": 120, ""gate_pct"": 0.2, ""fp_cost"": 3.0, ""min_pos_rate"": 0.25, ""rearm"": 5, ""seed"": 0, ""threshold"": 0.0249, ""_fitted"": true, ""_pos_rate_val"": 0.909}","{""proba"": 0.08531127796560253, ""pct_rank"": 0.025, ""window"": 120.0}"
2021-06-08,KGS,momentum,"momentum(n=5,rearm=3)",BUY_NOW,down,0.8,fast,0,0.860236,"{""n"": 5, ""rearm"": 3, ""_feasible"": true, ""_n_feasible"": 2, ""_score"": 1.235}","{""streak"": 8.0, ""drop_pct"": -2.7548987911002243}"
2021-06-10,KGS,reversal,"reversal(max_days_since_min=5,rearm=3,rise_bps=20,window=120)",WINDOW_CLOSING,up,0.7093697883635008,slow,0,0.853876,"{""window"": 120, ""rise_bps"": 20, ""max_days_since_min"": 5, ""rearm"": 3, ""_feasible"": true, ""_n_feasible"": 20, ""_score"": 1.9297}","{""rise_pct"": 0.28374791534540034, ""min_rate"": 0.85146, ""days_since_min"": 1.0, ""window"": 120.0}"
2021-06-15,KGS,ml_localmin,"ml_localmin(fp_cost=3.0,gate_pct=0.2,gate_window=120,h=10,min_pos_rate=0.25,rearm=5,seed=0,tol_bps=10.0)",BUY_NOW,down,0.09679826711520902,medium,0,0.847735,"{""h"": 10, ""tol_bps"": 10.0, ""gate_window"": 120, ""gate_pct"": 0.2, ""fp_cost"": 3.0, ""min_pos_rate"": 0.25, ""rearm"": 5, ""seed"": 0, ""threshold"": 0.0249, ""_fitted"": true, ""_pos_rate_val"": 0.909}","{""proba"": 0.09679826711520902, ""pct_rank"": 0.008333333333333333, ""window"": 120.0}"
2021-06-16,KGS,reversal,"reversal(max_days_since_min=5,rearm=3,rise_bps=20,window=120)",WINDOW_CLOSING,up,1.0,slow,0,0.851646,"{""window"": 120, ""rise_bps"": 20, ""max_days_since_min"": 5, ""rearm"": 3, ""_feasible"": true, ""_n_feasible"": 20, ""_score"": 1.9297}","{""rise_pct"": 0.461347001126522, ""min_rate"": 0.847735, ""days_since_min"": 1.0, ""window"": 120.0}"
2021-06-18,KGS,level,"level(pct=0.05,rearm=5,stall_days=3,window=250)",BUY_NOW,down,0.6000000000000001,medium,0,0.853006,"{""window"": 250, ""pct"": 0.05, ""stall_days"": 3, ""rearm"": 5, ""_feasible"": true, ""_n_feasible"": 7, ""_score"": 1.5721}","{""pct_rank"": 0.02, ""window"": 250.0, ""days_since_min"": 3.0}"
2021-06-21,KGS,reversal,"reversal(max_days_since_min=5,rearm=3,rise_bps=20,window=120)",WINDOW_CLOSING,up,1.0,slow,0,0.865238,"{""window"": 120, ""rise_bps"": 20, ""max_days_since_min"": 5, ""rearm"": 3, ""_feasible"": true, ""_n_feasible"": 20, ""_score"": 1.9297}","{""rise_pct"": 2.0646782308150424, ""min_rate"": 0.847735, ""days_since_min"": 4.0, ""window"": 120.0}"
2021-06-24,KGS,ml_localmin,"ml_localmin(fp_cost=3.0,gate_pct=0.2,gate_window=120,h=10,min_pos_rate=0.25,rearm=5,seed=0,tol_bps=10.0)",BUY_NOW,down,0.13543967088322645,medium,0,0.854157,"{""h"": 10, ""tol_bps"": 10.0, ""gate_window"": 120, ""gate_pct"": 0.2, ""fp_cost"": 3.0, ""min_pos_rate"": 0.25, ""rearm"": 5, ""seed"": 0, ""threshold"": 0.0249, ""_fitted"": true, ""_pos_rate_val"": 0.909}","{""proba"": 0.13543967088322645, ""pct_rank"": 0.058333333333333334, ""window"": 120.0}"
2021-06-24,KGS,seasonality,"seasonality(from_day=24,min_share=0.5,min_years=4,rearm=20)",BUY_NOW,down,0.5,slow,0,0.854157,"{""min_share"": 0.5, ""min_years"": 4, ""from_day"": 24, ""rearm"": 20, ""_feasible"": true, ""_n_feasible"": 8, ""_score"": 1.2512}","{""k_years"": 3.0, ""n_years"": 6.0, ""target_month"": 7.0}"
2021-06-25,KGS,level,"level(pct=0.05,rearm=5,stall_days=3,window=250)",BUY_NOW,down,0.6000000000000001,medium,0,0.852163,"{""window"": 250, ""pct"": 0.05, ""stall_days"": 3, ""rearm"": 5, ""_feasible"": true, ""_n_feasible"": 7, ""_score"": 1.5721}","{""pct_rank"": 0.02, ""window"": 250.0, ""days_since_min"": 8.0}"
2021-07-26,KGS,seasonality,"seasonality(from_day=24,min_share=0.5,min_years=4,rearm=20)",BUY_NOW,down,0.6666666666666666,slow,1,0.879092,"{""min_share"": 0.5, ""min_years"": 4, ""from_day"": 24, ""rearm"": 20, ""_feasible"": true, ""_n_feasible"": 8, ""_score"": 1.2832}","{""k_years"": 4.0, ""n_years"": 6.0, ""target_month"": 8.0}"
2021-07-30,KGS,ml_localmin,"ml_localmin(fp_cost=3.0,gate_pct=0.2,gate_window=120,h=10,min_pos_rate=0.25,rearm=5,seed=0,tol_bps=10.0)",BUY_NOW,down,0.23402821212552744,medium,1,0.862352,"{""h"": 10, ""tol_bps"": 10.0, ""gate_window"": 120, ""gate_pct"": 0.2, ""fp_cost"": 3.0, ""min_pos_rate"": 0.25, ""rearm"": 5, ""seed"": 0, ""threshold"": 0.0393, ""_fitted"": true, ""_pos_rate_val"": 0.542}","{""proba"": 0.23402821212552744, ""pct_rank"": 0.15833333333333333, ""window"": 120.0}"
2021-08-02,KGS,momentum,"momentum(n=5,rearm=3)",BUY_NOW,down,0.5,fast,1,0.861178,"{""n"": 5, ""rearm"": 3, ""_feasible"": true, ""_n_feasible"": 2, ""_score"": 1.235}","{""streak"": 5.0, ""drop_pct"": -2.037784441218893}"
2021-09-02,KGS,momentum,"momentum(n=5,rearm=3)",BUY_NOW,down,0.5,fast,1,0.859757,"{""n"": 5, ""rearm"": 3, ""_feasible"": true, ""_n_feasible"": 2, ""_score"": 1.235}","{""streak"": 5.0, ""drop_pct"": -1.5530389776943099}"
2021-09-10,KGS,level,"level(pct=0.05,rearm=5,stall_days=3,window=250)",BUY_NOW,down,0.040000000000000036,medium,1,0.857744,"{""window"": 250, ""pct"": 0.05, ""stall_days"": 3, ""rearm"": 5, ""_feasible"": true, ""_n_feasible"": 6, ""_score"": 1.7957}","{""pct_rank"": 0.048, ""window"": 250.0, ""days_since_min"": 63.0}"
2021-09-10,KGS,ml_localmin,"ml_localmin(fp_cost=3.0,gate_pct=0.2,gate_window=120,h=10,min_pos_rate=0.25,rearm=5,seed=0,tol_bps=10.0)",BUY_NOW,down,0.05876764135624342,medium,1,0.857744,"{""h"": 10, ""tol_bps"": 10.0, ""gate_window"": 120, ""gate_pct"": 0.2, ""fp_cost"": 3.0, ""min_pos_rate"": 0.25, ""rearm"": 5, ""seed"": 0, ""threshold"": 0.0393, ""_fitted"": true, ""_pos_rate_val"": 0.542}","{""proba"": 0.05876764135624342, ""pct_rank"": 0.1, ""window"": 120.0}"
2021-09-17,KGS,level,"level(pct=0.05,rearm=5,stall_days=3,window=250)",BUY_NOW,down,0.040000000000000036,medium,1,0.855429,"{""window"": 250, ""pct"": 0.05, ""stall_days"": 3, ""rearm"": 5, ""_feasible"": true, ""_n_feasible"": 6, ""_score"": 1.7957}","{""pct_rank"": 0.048, ""window"": 250.0, ""days_since_min"": 68.0}"
2021-09-22,KGS,ml_localmin,"ml_localmin(fp_cost=3.0,gate_pct=0.2,gate_window=120,h=10,min_pos_rate=0.25,rearm=5,seed=0,tol_bps=10.0)",BUY_NOW,down,0.4117553340743648,medium,1,0.859165,"{""h"": 10, ""tol_bps"": 10.0, ""gate_window"": 120, ""gate_pct"": 0.2, ""fp_cost"": 3.0, ""min_pos_rate"": 0.25, ""rearm"": 5, ""seed"": 0, ""threshold"": 0.0393, ""_fitted"": true, ""_pos_rate_val"": 0.542}","{""proba"": 0.4117553340743648, ""pct_rank"": 0.16666666666666666, ""window"": 120.0}"
2021-09-28,KGS,level,"level(pct=0.05,rearm=5,stall_days=3,window=250)",BUY_NOW,down,0.040000000000000036,medium,1,0.854782,"{""window"": 250, ""pct"": 0.05, ""stall_days"": 3, ""rearm"": 5, ""_feasible"": true, ""_n_feasible"": 6, ""_score"": 1.7957}","{""pct_rank"": 0.048, ""window"": 250.0, ""days_since_min"": 75.0}"
2021-09-29,KGS,ml_localmin,"ml_localmin(fp_cost=3.0,gate_pct=0.2,gate_window=120,h=10,min_pos_rate=0.25,rearm=5,seed=0,tol_bps=10.0)",BUY_NOW,down,0.08205894204987672,medium,1,0.857753,"{""h"": 10, ""tol_bps"": 10.0, ""gate_window"": 120, ""gate_pct"": 0.2, ""fp_cost"": 3.0, ""min_pos_rate"": 0.25, ""rearm"": 5, ""seed"": 0, ""threshold"": 0.0393, ""_fitted"": true, ""_pos_rate_val"": 0.542}","{""proba"": 0.08205894204987672, ""pct_rank"": 0.15833333333333333, ""window"": 120.0}"
2021-10-06,KGS,ml_localmin,"ml_localmin(fp_cost=3.0,gate_pct=0.2,gate_window=120,h=10,min_pos_rate=0.25,rearm=5,seed=0,tol_bps=10.0)",BUY_NOW,down,0.3151218011501404,medium,1,0.855483,"{""h"": 10, ""tol_bps"": 10.0, ""gate_window"": 120, ""gate_pct"": 0.2, ""fp_cost"": 3.0, ""min_pos_rate"": 0.25, ""rearm"": 5, ""seed"": 0, ""threshold"": 0.0393, ""_fitted"": true, ""_pos_rate_val"": 0.542}","{""proba"": 0.3151218011501404, ""pct_rank"": 0.11666666666666667, ""window"": 120.0}"
2021-10-07,KGS,level,"level(pct=0.05,rearm=5,stall_days=3,window=250)",BUY_NOW,down,0.6000000000000001,medium,1,0.852149,"{""window"": 250, ""pct"": 0.05, ""stall_days"": 3, ""rearm"": 5, ""_feasible"": true, ""_n_feasible"": 6, ""_score"": 1.7957}","{""pct_rank"": 0.02, ""window"": 250.0, ""days_since_min"": 82.0}"
2021-10-11,KGS,momentum,"momentum(n=5,rearm=3)",BUY_NOW,down,0.5,fast,1,0.844509,"{""n"": 5, ""rearm"": 3, ""_feasible"": true, ""_n_feasible"": 2, ""_score"": 1.235}","{""streak"": 5.0, ""drop_pct"": -1.7662118919195668}"
2021-10-12,KGS,reversal,"reversal(max_days_since_min=5,rearm=5,rise_bps=20,window=120)",WINDOW_CLOSING,up,0.8472378624739264,slow,1,0.847371,"{""window"": 120, ""rise_bps"": 20, ""max_days_since_min"": 5, ""rearm"": 5, ""_feasible"": true, ""_n_feasible"": 20, ""_score"": 1.8525}","{""rise_pct"": 0.3388951449895706, ""min_rate"": 0.844509, ""days_since_min"": 1.0, ""window"": 120.0}"
2021-10-13,KGS,ml_localmin,"ml_localmin(fp_cost=3.0,gate_pct=0.2,gate_window=120,h=10,min_pos_rate=0.25,rearm=5,seed=0,tol_bps=10.0)",BUY_NOW,down,0.5766409229814484,medium,1,0.847107,"{""h"": 10, ""tol_bps"": 10.0, ""gate_window"": 120, ""gate_pct"": 0.2, ""fp_cost"": 3.0, ""min_pos_rate"": 0.25, ""rearm"": 5, ""seed"": 0, ""threshold"": 0.0393, ""_fitted"": true, ""_pos_rate_val"": 0.542}","{""proba"": 0.5766409229814484, ""pct_rank"": 0.016666666666666666, ""window"": 120.0}"
2021-10-14,KGS,level,"level(pct=0.05,rearm=5,stall_days=3,window=250)",BUY_NOW,down,0.84,medium,1,0.846245,"{""window"": 250, ""pct"": 0.05, ""stall_days"": 3, ""rearm"": 5, ""_feasible"": true, ""_n_feasible"": 6, ""_score"": 1.7957}","{""pct_rank"": 0.008, ""window"": 250.0, ""days_since_min"": 3.0}"
2021-10-19,KGS,momentum,"momentum(n=5,rearm=3)",BUY_NOW,down,0.5,fast,1,0.83665,"{""n"": 5, ""rearm"": 3, ""_feasible"": true, ""_n_feasible"": 2, ""_score"": 1.235}","{""streak"": 5.0, ""drop_pct"": -1.2652073294932231}"
2021-10-25,KGS,seasonality,"seasonality(from_day=24,min_share=0.5,min_years=4,rearm=20)",BUY_NOW,down,0.6666666666666666,slow,1,0.826988,"{""min_share"": 0.5, ""min_years"": 4, ""from_day"": 24, ""rearm"": 20, ""_feasible"": true, ""_n_feasible"": 8, ""_score"": 1.2832}","{""k_years"": 4.0, ""n_years"": 6.0, ""target_month"": 11.0}"
2021-10-27,KGS,reversal,"reversal(max_days_since_min=5,rearm=5,rise_bps=20,window=120)",WINDOW_CLOSING,up,0.9411688664875406,slow,1,0.823078,"{""window"": 120, ""rise_bps"": 20, ""max_days_since_min"": 5, ""rearm"": 5, ""_feasible"": true, ""_n_feasible"": 20, ""_score"": 1.8525}","{""rise_pct"": 0.37646754659501624, ""min_rate"": 0.819991, ""days_since_min"": 1.0, ""window"": 120.0}"
2021-10-29,KGS,level,"level(pct=0.05,rearm=5,stall_days=3,window=250)",BUY_NOW,down,0.6799999999999999,medium,1,0.831363,"{""window"": 250, ""pct"": 0.05, ""stall_days"": 3, ""rearm"": 5, ""_feasible"": true, ""_n_feasible"": 6, ""_score"": 1.7957}","{""pct_rank"": 0.016, ""window"": 250.0, ""days_since_min"": 3.0}"
2021-11-10,KGS,level,"level(pct=0.05,rearm=5,stall_days=3,window=250)",BUY_NOW,down,0.52,medium,1,0.833402,"{""window"": 250, ""pct"": 0.05, ""stall_days"": 3, ""rearm"": 5, ""_feasible"": true, ""_n_feasible"": 6, ""_score"": 1.7957}","{""pct_rank"": 0.024, ""window"": 250.0, ""days_since_min"": 9.0}"
2022-02-08,KGS,dip_vs_trend,"dip_vs_trend(pct=0.05,rearm=5,span=20,window=250)",BUY_NOW,down,0.040000000000000036,medium,2,0.887745,"{""span"": 20, ""window"": 250, ""pct"": 0.05, ""rearm"": 5, ""_feasible"": true, ""_n_feasible"": 11, ""_score"": 1.7643}","{""dev_pct"": -1.8103388682271127, ""pct_rank"": 0.048, ""window"": 250.0, ""span"": 20.0}"
2022-02-10,KGS,momentum,"momentum(n=5,rearm=3)",BUY_NOW,down,0.5,fast,2,0.880898,"{""n"": 5, ""rearm"": 3, ""_feasible"": true, ""_n_feasible"": 2, ""_score"": 1.2272}","{""streak"": 5.0, ""drop_pct"": -2.520162182738883}"
2022-02-16,KGS,dip_vs_trend,"dip_vs_trend(pct=0.05,rearm=5,span=20,window=250)",BUY_NOW,down,0.1200000000000001,medium,2,0.884373,"{""span"": 20, ""window"": 250, ""pct"": 0.05, ""rearm"": 5, ""_feasible"": true, ""_n_feasible"": 11, ""_score"": 1.7643}","{""dev_pct"": -2.063571586140178, ""pct_rank"": 0.044, ""window"": 250.0, ""span"": 20.0}"
2022-03-17,KGS,dip_vs_trend,"dip_vs_trend(pct=0.05,rearm=5,span=20,window=250)",BUY_NOW,down,0.92,medium,2,1.00406,"{""span"": 20, ""window"": 250, ""pct"": 0.05, ""rearm"": 5, ""_feasible"": true, ""_n_feasible"": 11, ""_score"": 1.7643}","{""dev_pct"": -4.337200744105408, ""pct_rank"": 0.004, ""window"": 250.0, ""span"": 20.0}"
2022-03-17,KGS,momentum,"momentum(n=5,rearm=3)",BUY_NOW,down,0.5,fast,2,1.00406,"{""n"": 5, ""rearm"": 3, ""_feasible"": true, ""_n_feasible"": 2, ""_score"": 1.2272}","{""streak"": 5.0, ""drop_pct"": -18.55517070757051}"
2022-03-24,KGS,dip_vs_trend,"dip_vs_trend(pct=0.05,rearm=5,span=20,window=250)",BUY_NOW,down,0.92,medium,2,0.971747,"{""span"": 20, ""window"": 250, ""pct"": 0.05, ""rearm"": 5, ""_feasible"": true, ""_n_feasible"": 11, ""_score"": 1.7643}","{""dev_pct"": -9.65385582124062, ""pct_rank"": 0.004, ""window"": 250.0, ""span"": 20.0}"
2022-03-29,KGS,momentum,"momentum(n=5,rearm=3)",BUY_NOW,down,0.5,fast,2,0.903741,"{""n"": 5, ""rearm"": 3, ""_feasible"": true, ""_n_feasible"": 2, ""_score"": 1.2272}","{""streak"": 5.0, ""drop_pct"": -11.915223345256775}"
2022-03-31,KGS,dip_vs_trend,"dip_vs_trend(pct=0.05,rearm=5,span=20,window=250)",BUY_NOW,down,0.84,medium,2,0.873632,"{""span"": 20, ""window"": 250, ""pct"": 0.05, ""rearm"": 5, ""_feasible"": true, ""_n_feasible"": 11, ""_score"": 1.7643}","{""dev_pct"": -16.02969571779631, ""pct_rank"": 0.008, ""window"": 250.0, ""span"": 20.0}"
2022-04-07,KGS,dip_vs_trend,"dip_vs_trend(pct=0.05,rearm=5,span=20,window=250)",BUY_NOW,down,0.76,medium,2,0.838373,"{""span"": 20, ""window"": 250, ""pct"": 0.05, ""rearm"": 5, ""_feasible"": true, ""_n_feasible"": 11, ""_score"": 1.7643}","{""dev_pct"": -14.907129162937894, ""pct_rank"": 0.012, ""window"": 250.0, ""span"": 20.0}"
2022-04-07,KGS,ml_localmin,"ml_localmin(fp_cost=3.0,gate_pct=0.2,gate_window=120,h=10,min_pos_rate=0.25,rearm=5,seed=0,tol_bps=10.0)",BUY_NOW,down,0.14757986685746194,medium,2,0.838373,"{""h"": 10, ""tol_bps"": 10.0, ""gate_window"": 120, ""gate_pct"": 0.2, ""fp_cost"": 3.0, ""min_pos_rate"": 0.25, ""rearm"": 5, ""seed"": 0, ""threshold"": 0.0001, ""_fitted"": true, ""_pos_rate_val"": 1.0}","{""proba"": 0.14757986685746194, ""pct_rank"": 0.1, ""window"": 120.0}"
2022-04-11,KGS,reversal,"reversal(max_days_since_min=5,rearm=3,rise_bps=30,window=120)",WINDOW_CLOSING,up,1.0,slow,2,0.918935,"{""window"": 120, ""rise_bps"": 30, ""max_days_since_min"": 5, ""rearm"": 3, ""_feasible"": true, ""_n_feasible"": 19, ""_score"": 1.9297}","{""rise_pct"": 13.76421534279, ""min_rate"": 0.807754, ""days_since_min"": 1.0, ""window"": 120.0}"
2022-04-14,KGS,reversal,"reversal(max_days_since_min=5,rearm=3,rise_bps=30,window=120)",WINDOW_CLOSING,up,1.0,slow,2,0.998255,"{""window"": 120, ""rise_bps"": 30, ""max_days_since_min"": 5, ""rearm"": 3, ""_feasible"": true, ""_n_feasible"": 19, ""_score"": 1.9297}","{""rise_pct"": 23.58403672405214, ""min_rate"": 0.807754, ""days_since_min"": 4.0, ""window"": 120.0}"
2022-04-25,KGS,momentum,"momentum(n=5,rearm=3)",BUY_NOW,down,0.5,fast,2,0.882912,"{""n"": 5, ""rearm"": 3, ""_feasible"": true, ""_n_feasible"": 2, ""_score"": 1.2272}","{""streak"": 5.0, ""drop_pct"": -10.603592210498391}"
2022-04-25,KGS,seasonality,"seasonality(from_day=24,min_share=0.5,min_years=3,rearm=20)",BUY_NOW,down,0.8571428571428571,slow,2,0.882912,"{""min_share"": 0.5, ""min_years"": 3, ""from_day"": 24, ""rearm"": 20, ""_feasible"": true, ""_n_feasible"": 8, ""_score"": 1.1001}","{""k_years"": 6.0, ""n_years"": 7.0, ""target_month"": 5.0}"
2022-04-26,KGS,dip_vs_trend,"dip_vs_trend(pct=0.05,rearm=5,span=20,window=250)",BUY_NOW,down,0.20000000000000007,medium,2,0.863552,"{""span"": 20, ""window"": 250, ""pct"": 0.05, ""rearm"": 5, ""_feasible"": true, ""_n_feasible"": 11, ""_score"": 1.7643}","{""dev_pct"": -6.611956572578603, ""pct_rank"": 0.04, ""window"": 250.0, ""span"": 20.0}"
2022-04-26,KGS,ml_localmin,"ml_localmin(fp_cost=3.0,gate_pct=0.2,gate_window=120,h=10,min_pos_rate=0.25,rearm=5,seed=0,tol_bps=10.0)",BUY_NOW,down,0.023958569721456106,medium,2,0.863552,"{""h"": 10, ""tol_bps"": 10.0, ""gate_window"": 120, ""gate_pct"": 0.2, ""fp_cost"": 3.0, ""min_pos_rate"": 0.25, ""rearm"": 5, ""seed"": 0, ""threshold"": 0.0001, ""_fitted"": true, ""_pos_rate_val"": 1.0}","{""proba"": 0.023958569721456106, ""pct_rank"": 0.175, ""window"": 120.0}"
2022-05-05,KGS,dip_vs_trend,"dip_vs_trend(pct=0.05,rearm=5,span=20,window=250)",BUY_NOW,down,0.44000000000000006,medium,2,0.807778,"{""span"": 20, ""window"": 250, ""pct"": 0.05, ""rearm"": 5, ""_feasible"": true, ""_n_feasible"": 11, ""_score"": 1.7643}","{""dev_pct"": -10.655199590360976, ""pct_rank"": 0.028, ""window"": 250.0, ""span"": 20.0}"
2022-05-05,KGS,level,"level(pct=0.05,rearm=5,stall_days=3,window=120)",BUY_NOW,down,0.6666666666666667,medium,2,0.807778,"{""window"": 120, ""pct"": 0.05, ""stall_days"": 3, ""rearm"": 5, ""_feasible"": true, ""_n_feasible"": 3, ""_score"": 1.3338}","{""pct_rank"": 0.016666666666666666, ""window"": 120.0, ""days_since_min"": 17.0}"
2022-05-05,KGS,ml_localmin,"ml_localmin(fp_cost=3.0,gate_pct=0.2,gate_window=120,h=10,min_pos_rate=0.25,rearm=5,seed=0,tol_bps=10.0)",BUY_NOW,down,0.10631121472848334,medium,2,0.807778,"{""h"": 10, ""tol_bps"": 10.0, ""gate_window"": 120, ""gate_pct"": 0.2, ""fp_cost"": 3.0, ""min_pos_rate"": 0.25, ""rearm"": 5, ""seed"": 0, ""threshold"": 0.0001, ""_fitted"": true, ""_pos_rate_val"": 1.0}","{""proba"": 0.10631121472848334, ""pct_rank"": 0.016666666666666666, ""window"": 120.0}"
2022-05-16,KGS,dip_vs_trend,"dip_vs_trend(pct=0.05,rearm=5,span=20,window=250)",BUY_NOW,down,0.44000000000000006,medium,2,0.770114,"{""span"": 20, ""window"": 250, ""pct"": 0.05, ""rearm"": 5, ""_feasible"": true, ""_n_feasible"": 11, ""_score"": 1.7643}","{""dev_pct"": -12.843594386600277, ""pct_rank"": 0.028, ""window"": 250.0, ""span"": 20.0}"
2022-05-16,KGS,ml_localmin,"ml_localmin(fp_cost=3.0,gate_pct=0.2,gate_window=120,h=10,min_pos_rate=0.25,rearm=5,seed=0,tol_bps=10.0)",BUY_NOW,down,0.005567140609207225,medium,2,0.770114,"{""h"": 10, ""tol_bps"": 10.0, ""gate_window"": 120, ""gate_pct"": 0.2, ""fp_cost"": 3.0, ""min_pos_rate"": 0.25, ""rearm"": 5, ""seed"": 0, ""threshold"": 0.0001, ""_fitted"": true, ""_pos_rate_val"": 1.0}","{""proba"": 0.005567140609207225, ""pct_rank"": 0.016666666666666666, ""window"": 120.0}"
2022-05-17,KGS,reversal,"reversal(max_days_since_min=5,rearm=3,rise_bps=30,window=120)",WINDOW_CLOSING,up,0.9059221050201257,slow,2,0.772269,"{""window"": 120, ""rise_bps"": 30, ""max_days_since_min"": 5, ""rearm"": 3, ""_feasible"": true, ""_n_feasible"": 19, ""_score"": 1.9297}","{""rise_pct"": 0.5435532630120754, ""min_rate"": 0.768094, ""days_since_min"": 2.0, ""window"": 120.0}"
2022-05-18,KGS,level,"level(pct=0.05,rearm=5,stall_days=3,window=120)",BUY_NOW,down,0.33333333333333337,medium,2,0.791807,"{""window"": 120, ""pct"": 0.05, ""stall_days"": 3, ""rearm"": 5, ""_feasible"": true, ""_n_feasible"": 3, ""_score"": 1.3338}","{""pct_rank"": 0.03333333333333333, ""window"": 120.0, ""days_since_min"": 3.0}"
2022-05-23,KGS,dip_vs_trend,"dip_vs_trend(pct=0.05,rearm=5,span=20,window=250)",BUY_NOW,down,0.28000000000000014,medium,2,0.732185,"{""span"": 20, ""window"": 250, ""pct"": 0.05, ""rearm"": 5, ""_feasible"": true, ""_n_feasible"": 11, ""_score"": 1.7643}","{""dev_pct"": -11.702626394183735, ""pct_rank"": 0.036, ""window"": 250.0, ""span"": 20.0}"
2022-05-23,KGS,ml_localmin,"ml_localmin(fp_cost=3.0,gate_pct=0.2,gate_window=120,h=10,min_pos_rate=0.25,rearm=5,seed=0,tol_bps=10.0)",BUY_NOW,down,0.029094075796102875,medium,2,0.732185,"{""h"": 10, ""tol_bps"": 10.0, ""gate_window"": 120, ""gate_pct"": 0.2, ""fp_cost"": 3.0, ""min_pos_rate"": 0.25, ""rearm"": 5, ""seed"": 0, ""threshold"": 0.0001, ""_fitted"": true, ""_pos_rate_val"": 1.0}","{""proba"": 0.029094075796102875, ""pct_rank"": 0.008333333333333333, ""window"": 120.0}"
2022-05-25,KGS,momentum,"momentum(n=5,rearm=3)",BUY_NOW,down,0.5,fast,2,0.708171,"{""n"": 5, ""rearm"": 3, ""_feasible"": true, ""_n_feasible"": 2, ""_score"": 1.2272}","{""streak"": 5.0, ""drop_pct"": -10.562674995295573}"
2022-05-26,KGS,reversal,"reversal(max_days_since_min=5,rearm=3,rise_bps=30,window=120)",WINDOW_CLOSING,up,1.0,slow,2,0.780497,"{""window"": 120, ""rise_bps"": 30, ""max_days_since_min"": 5, ""rearm"": 3, ""_feasible"": true, ""_n_feasible"": 19, ""_score"": 1.9297}","{""rise_pct"": 10.213070007102809, ""min_rate"": 0.708171, ""days_since_min"": 1.0, ""window"": 120.0}"
2022-05-30,KGS,level,"level(pct=0.05,rearm=5,stall_days=3,window=120)",BUY_NOW,down,0.16666666666666674,medium,2,0.764188,"{""window"": 120, ""pct"": 0.05, ""stall_days"": 3, ""rearm"": 5, ""_feasible"": true, ""_n_feasible"": 3, ""_score"": 1.3338}","{""pct_rank"": 0.041666666666666664, ""window"": 120.0, ""days_since_min"": 3.0}"
2022-05-30,KGS,ml_localmin,"ml_localmin(fp_cost=3.0,gate_pct=0.2,gate_window=120,h=10,min_pos_rate=0.25,rearm=5,seed=0,tol_bps=10.0)",BUY_NOW,down,0.006944505733358091,medium,2,0.764188,"{""h"": 10, ""tol_bps"": 10.0, ""gate_window"": 120, ""gate_pct"": 0.2, ""fp_cost"": 3.0, ""min_pos_rate"": 0.25, ""rearm"": 5, ""seed"": 0, ""threshold"": 0.0001, ""_fitted"": true, ""_pos_rate_val"": 1.0}","{""proba"": 0.006944505733358091, ""pct_rank"": 0.041666666666666664, ""window"": 120.0}"
2022-05-31,KGS,reversal,"reversal(max_days_since_min=5,rearm=3,rise_bps=30,window=120)",WINDOW_CLOSING,up,1.0,slow,2,0.75582,"{""window"": 120, ""rise_bps"": 30, ""max_days_since_min"": 5, ""rearm"": 3, ""_feasible"": true, ""_n_feasible"": 19, ""_score"": 1.9297}","{""rise_pct"": 6.728459651694307, ""min_rate"": 0.708171, ""days_since_min"": 4.0, ""window"": 120.0}"
2022-06-06,KGS,ml_localmin,"ml_localmin(fp_cost=3.0,gate_pct=0.2,gate_window=120,h=10,min_pos_rate=0.25,rearm=5,seed=0,tol_bps=10.0)",BUY_NOW,down,0.004306479710896492,medium,2,0.768672,"{""h"": 10, ""tol_bps"": 10.0, ""gate_window"": 120, ""gate_pct"": 0.2, ""fp_cost"": 3.0, ""min_pos_rate"": 0.25, ""rearm"": 5, ""seed"": 0, ""threshold"": 0.0001, ""_fitted"": true, ""_pos_rate_val"": 1.0}","{""proba"": 0.004306479710896492, ""pct_rank"": 0.06666666666666667, ""window"": 120.0}"
2022-06-08,KGS,level,"level(pct=0.05,rearm=5,stall_days=3,window=120)",BUY_NOW,down,0.0,medium,2,0.757498,"{""window"": 120, ""pct"": 0.05, ""stall_days"": 3, ""rearm"": 5, ""_feasible"": true, ""_n_feasible"": 3, ""_score"": 1.3338}","{""pct_rank"": 0.05, ""window"": 120.0, ""days_since_min"": 10.0}"
2022-06-10,KGS,momentum,"momentum(n=5,rearm=3)",BUY_NOW,down,0.5,fast,2,0.726755,"{""n"": 5, ""rearm"": 3, ""_feasible"": true, ""_n_feasible"": 2, ""_score"": 1.2272}","{""streak"": 5.0, ""drop_pct"": -6.759938161127465}"
2022-06-14,KGS,ml_localmin,"ml_localmin(fp_cost=3.0,gate_pct=0.2,gate_window=120,h=10,min_pos_rate=0.25,rearm=5,seed=0,tol_bps=10.0)",BUY_NOW,down,0.01705782257496522,medium,2,0.718137,"{""h"": 10, ""tol_bps"": 10.0, ""gate_window"": 120, ""gate_pct"": 0.2, ""fp_cost"": 3.0, ""min_pos_rate"": 0.25, ""rearm"": 5, ""seed"": 0, ""threshold"": 0.0001, ""_fitted"": true, ""_pos_rate_val"": 1.0}","{""proba"": 0.01705782257496522, ""pct_rank"": 0.025, ""window"": 120.0}"
2022-06-16,KGS,level,"level(pct=0.05,rearm=5,stall_days=3,window=120)",BUY_NOW,down,0.5,medium,2,0.715326,"{""window"": 120, ""pct"": 0.05, ""stall_days"": 3, ""rearm"": 5, ""_feasible"": true, ""_n_feasible"": 3, ""_score"": 1.3338}","{""pct_rank"": 0.025, ""window"": 120.0, ""days_since_min"": 15.0}"
2022-06-21,KGS,ml_localmin,"ml_localmin(fp_cost=3.0,gate_pct=0.2,gate_window=120,h=10,min_pos_rate=0.25,rearm=5,seed=0,tol_bps=10.0)",BUY_NOW,down,0.03464761766885925,medium,2,0.688109,"{""h"": 10, ""tol_bps"": 10.0, ""gate_window"": 120, ""gate_pct"": 0.2, ""fp_cost"": 3.0, ""min_pos_rate"": 0.25, ""rearm"": 5, ""seed"": 0, ""threshold"": 0.0001, ""_fitted"": true, ""_pos_rate_val"": 1.0}","{""proba"": 0.03464761766885925, ""pct_rank"": 0.008333333333333333, ""window"": 120.0}"
2022-06-24,KGS,seasonality,"seasonality(from_day=24,min_share=0.5,min_years=3,rearm=20)",BUY_NOW,down,0.5714285714285714,slow,2,0.670723,"{""min_share"": 0.5, ""min_years"": 3, ""from_day"": 24, ""rearm"": 20, ""_feasible"": true, ""_n_feasible"": 8, ""_score"": 1.1001}","{""k_years"": 4.0, ""n_years"": 7.0, ""target_month"": 7.0}"
2022-06-27,KGS,level,"level(pct=0.05,rearm=5,stall_days=3,window=120)",BUY_NOW,down,0.33333333333333337,medium,2,0.671244,"{""window"": 120, ""pct"": 0.05, ""stall_days"": 3, ""rearm"": 5, ""_feasible"": true, ""_n_feasible"": 3, ""_score"": 1.3338}","{""pct_rank"": 0.03333333333333333, ""window"": 120.0, ""days_since_min"": 3.0}"
2022-06-28,KGS,ml_localmin,"ml_localmin(fp_cost=3.0,gate_pct=0.2,gate_window=120,h=10,min_pos_rate=0.25,rearm=5,seed=0,tol_bps=10.0)",BUY_NOW,down,0.033570367586460925,medium,2,0.666288,"{""h"": 10, ""tol_bps"": 10.0, ""gate_window"": 120, ""gate_pct"": 0.2, ""fp_cost"": 3.0, ""min_pos_rate"": 0.25, ""rearm"": 5, ""seed"": 0, ""threshold"": 0.0001, ""_fitted"": true, ""_pos_rate_val"": 1.0}","{""proba"": 0.033570367586460925, ""pct_rank"": 0.008333333333333333, ""window"": 120.0}"
2022-06-30,KGS,reversal,"reversal(max_days_since_min=5,rearm=3,rise_bps=30,window=120)",WINDOW_CLOSING,up,1.0,slow,2,0.660532,"{""window"": 120, ""rise_bps"": 30, ""max_days_since_min"": 5, ""rearm"": 3, ""_feasible"": true, ""_n_feasible"": 19, ""_score"": 1.9297}","{""rise_pct"": 2.6472539887520963, ""min_rate"": 0.643497, ""days_since_min"": 1.0, ""window"": 120.0}"
2022-07-05,KGS,reversal,"reversal(max_days_since_min=5,rearm=3,rise_bps=20,window=120)",WINDOW_CLOSING,up,1.0,slow,3,0.735997,"{""window"": 120, ""rise_bps"": 20, ""max_days_since_min"": 5, ""rearm"": 3, ""_feasible"": true, ""_n_feasible"": 16, ""_score"": 1.9297}","{""rise_pct"": 14.374581388879838, ""min_rate"": 0.643497, ""days_since_min"": 4.0, ""window"": 120.0}"
2022-07-20,KGS,momentum,"momentum(n=5,rearm=3)",BUY_NOW,down,0.5,fast,3,0.689678,"{""n"": 5, ""rearm"": 3, ""_feasible"": true, ""_n_feasible"": 2, ""_score"": 1.1688}","{""streak"": 5.0, ""drop_pct"": -4.592224924399002}"
2022-07-25,KGS,seasonality,"seasonality(from_day=24,min_share=0.5,min_years=3,rearm=20)",BUY_NOW,down,0.5714285714285714,slow,3,0.718489,"{""min_share"": 0.5, ""min_years"": 3, ""from_day"": 24, ""rearm"": 20, ""_feasible"": true, ""_n_feasible"": 8, ""_score"": 1.1001}","{""k_years"": 4.0, ""n_years"": 7.0, ""target_month"": 8.0}"
2022-09-23,KGS,ml_localmin,"ml_localmin(fp_cost=3.0,gate_pct=0.2,gate_window=120,h=10,min_pos_rate=0.25,rearm=5,seed=0,tol_bps=10.0)",BUY_NOW,down,0.09699565620860678,medium,3,0.712317,"{""h"": 10, ""tol_bps"": 10.0, ""gate_window"": 120, ""gate_pct"": 0.2, ""fp_cost"": 3.0, ""min_pos_rate"": 0.25, ""rearm"": 5, ""seed"": 0, ""threshold"": 0.0815, ""_fitted"": true, ""_pos_rate_val"": 0.385}","{""proba"": 0.09699565620860678, ""pct_rank"": 0.14166666666666666, ""window"": 120.0}"
2022-09-30,KGS,ml_localmin,"ml_localmin(fp_cost=3.0,gate_pct=0.2,gate_window=120,h=10,min_pos_rate=0.25,rearm=5,seed=0,tol_bps=10.0)",BUY_NOW,down,0.3138112112889616,medium,3,0.689707,"{""h"": 10, ""tol_bps"": 10.0, ""gate_window"": 120, ""gate_pct"": 0.2, ""fp_cost"": 3.0, ""min_pos_rate"": 0.25, ""rearm"": 5, ""seed"": 0, ""threshold"": 0.0815, ""_fitted"": true, ""_pos_rate_val"": 0.385}","{""proba"": 0.3138112112889616, ""pct_rank"": 0.09166666666666666, ""window"": 120.0}"
2022-10-24,KGS,seasonality,"seasonality(from_day=24,min_share=0.5,min_years=3,rearm=20)",BUY_NOW,down,0.7142857142857143,slow,3,0.740195,"{""min_share"": 0.5, ""min_years"": 3, ""from_day"": 24, ""rearm"": 20, ""_feasible"": true, ""_n_feasible"": 8, ""_score"": 1.1001}","{""k_years"": 5.0, ""n_years"": 7.0, ""target_month"": 11.0}"
2022-11-11,KGS,ml_localmin,"ml_localmin(fp_cost=3.0,gate_pct=0.2,gate_window=120,h=10,min_pos_rate=0.25,rearm=5,seed=0,tol_bps=10.0)",BUY_NOW,down,0.31782383605583364,medium,3,0.714323,"{""h"": 10, ""tol_bps"": 10.0, ""gate_window"": 120, ""gate_pct"": 0.2, ""fp_cost"": 3.0, ""min_pos_rate"": 0.25, ""rearm"": 5, ""seed"": 0, ""threshold"": 0.0815, ""_fitted"": true, ""_pos_rate_val"": 0.385}","{""proba"": 0.31782383605583364, ""pct_rank"": 0.18333333333333332, ""window"": 120.0}"
2023-01-12,KGS,momentum,"momentum(n=5,rearm=3)",BUY_NOW,down,0.5,fast,4,0.791054,"{""n"": 5, ""rearm"": 3, ""_feasible"": true, ""_n_feasible"": 2, ""_score"": 1.235}","{""streak"": 5.0, ""drop_pct"": -5.835536504391847}"
2023-04-24,KGS,seasonality,"seasonality(from_day=24,min_share=0.5,min_years=3,rearm=20)",BUY_NOW,down,0.75,slow,4,0.928639,"{""min_share"": 0.5, ""min_years"": 3, ""from_day"": 24, ""rearm"": 20, ""_feasible"": true, ""_n_feasible"": 8, ""_score"": 1.1001}","{""k_years"": 6.0, ""n_years"": 8.0, ""target_month"": 5.0}"
2023-05-04,KGS,momentum,"momentum(n=5,rearm=3)",BUY_NOW,down,0.5,fast,4,0.900441,"{""n"": 5, ""rearm"": 3, ""_feasible"": true, ""_n_feasible"": 2, ""_score"": 1.235}","{""streak"": 5.0, ""drop_pct"": -3.4556665748157744}"
2023-05-11,KGS,momentum,"momentum(n=5,rearm=3)",BUY_NOW,down,0.8,fast,4,0.869198,"{""n"": 5, ""rearm"": 3, ""_feasible"": true, ""_n_feasible"": 2, ""_score"": 1.235}","{""streak"": 8.0, ""drop_pct"": -6.8055080516066235}"
2023-06-26,KGS,seasonality,"seasonality(from_day=24,min_share=0.5,min_years=3,rearm=20)",BUY_NOW,down,0.625,slow,4,0.969551,"{""min_share"": 0.5, ""min_years"": 3, ""from_day"": 24, ""rearm"": 20, ""_feasible"": true, ""_n_feasible"": 8, ""_score"": 1.1001}","{""k_years"": 5.0, ""n_years"": 8.0, ""target_month"": 7.0}"
2023-07-13,KGS,momentum,"momentum(n=5,rearm=3)",BUY_NOW,down,0.5,fast,5,1.02624,"{""n"": 5, ""rearm"": 3, ""_feasible"": true, ""_n_feasible"": 2, ""_score"": 1.1665}","{""streak"": 5.0, ""drop_pct"": -2.896342905804994}"
2023-07-24,KGS,seasonality,"seasonality(from_day=24,min_share=0.5,min_years=3,rearm=20)",BUY_NOW,down,0.625,slow,5,1.02992,"{""min_share"": 0.5, ""min_years"": 3, ""from_day"": 24, ""rearm"": 20, ""_feasible"": true, ""_n_feasible"": 8, ""_score"": 1.1001}","{""k_years"": 5.0, ""n_years"": 8.0, ""target_month"": 8.0}"
2023-10-20,KGS,dip_vs_trend,"dip_vs_trend(pct=0.05,rearm=5,span=20,window=250)",BUY_NOW,down,0.28000000000000014,medium,5,1.07373,"{""span"": 20, ""window"": 250, ""pct"": 0.05, ""rearm"": 5, ""_feasible"": true, ""_n_feasible"": 13, ""_score"": 1.3925}","{""dev_pct"": -2.6240970739073055, ""pct_rank"": 0.036, ""window"": 250.0, ""span"": 20.0}"
2023-10-24,KGS,seasonality,"seasonality(from_day=24,min_share=0.5,min_years=3,rearm=20)",BUY_NOW,down,0.625,slow,5,1.04705,"{""min_share"": 0.5, ""min_years"": 3, ""from_day"": 24, ""rearm"": 20, ""_feasible"": true, ""_n_feasible"": 8, ""_score"": 1.1001}","{""k_years"": 5.0, ""n_years"": 8.0, ""target_month"": 11.0}"
2023-10-25,KGS,momentum,"momentum(n=5,rearm=3)",BUY_NOW,down,0.5,fast,5,1.04289,"{""n"": 5, ""rearm"": 3, ""_feasible"": true, ""_n_feasible"": 2, ""_score"": 1.1665}","{""streak"": 5.0, ""drop_pct"": -4.335183231665352}"
2023-10-27,KGS,dip_vs_trend,"dip_vs_trend(pct=0.05,rearm=5,span=20,window=250)",BUY_NOW,down,0.52,medium,5,1.04363,"{""span"": 20, ""window"": 250, ""pct"": 0.05, ""rearm"": 5, ""_feasible"": true, ""_n_feasible"": 13, ""_score"": 1.3925}","{""dev_pct"": -4.458315920242029, ""pct_rank"": 0.024, ""window"": 250.0, ""span"": 20.0}"
2023-11-09,KGS,momentum,"momentum(n=5,rearm=3)",BUY_NOW,down,0.5,fast,5,1.02918,"{""n"": 5, ""rearm"": 3, ""_feasible"": true, ""_n_feasible"": 2, ""_score"": 1.1665}","{""streak"": 5.0, ""drop_pct"": -1.4516345251546436}"
2023-11-15,KGS,dip_vs_trend,"dip_vs_trend(pct=0.05,rearm=5,span=20,window=250)",BUY_NOW,down,0.20000000000000007,medium,5,1.00165,"{""span"": 20, ""window"": 250, ""pct"": 0.05, ""rearm"": 5, ""_feasible"": true, ""_n_feasible"": 13, ""_score"": 1.3925}","{""dev_pct"": -4.053112993468188, ""pct_rank"": 0.04, ""window"": 250.0, ""span"": 20.0}"
2023-11-15,KGS,ml_localmin,"ml_localmin(fp_cost=3.0,gate_pct=0.2,gate_window=120,h=10,min_pos_rate=0.25,rearm=5,seed=0,tol_bps=10.0)",BUY_NOW,down,0.07899595573613427,medium,5,1.00165,"{""h"": 10, ""tol_bps"": 10.0, ""gate_window"": 120, ""gate_pct"": 0.2, ""fp_cost"": 3.0, ""min_pos_rate"": 0.25, ""rearm"": 5, ""seed"": 0, ""threshold"": 0.0764, ""_fitted"": true, ""_pos_rate_val"": 0.306}","{""proba"": 0.07899595573613427, ""pct_rank"": 0.19166666666666668, ""window"": 120.0}"
2023-11-23,KGS,ml_localmin,"ml_localmin(fp_cost=3.0,gate_pct=0.2,gate_window=120,h=10,min_pos_rate=0.25,rearm=5,seed=0,tol_bps=10.0)",BUY_NOW,down,0.1724622550627248,medium,5,0.992152,"{""h"": 10, ""tol_bps"": 10.0, ""gate_window"": 120, ""gate_pct"": 0.2, ""fp_cost"": 3.0, ""min_pos_rate"": 0.25, ""rearm"": 5, ""seed"": 0, ""threshold"": 0.0764, ""_fitted"": true, ""_pos_rate_val"": 0.306}","{""proba"": 0.1724622550627248, ""pct_rank"": 0.15, ""window"": 120.0}"
2023-11-24,KGS,seasonality,"seasonality(from_day=24,min_share=0.5,min_years=3,rearm=20)",BUY_NOW,down,0.5,slow,5,1.0021,"{""min_share"": 0.5, ""min_years"": 3, ""from_day"": 24, ""rearm"": 20, ""_feasible"": true, ""_n_feasible"": 8, ""_score"": 1.1001}","{""k_years"": 4.0, ""n_years"": 8.0, ""target_month"": 12.0}"
2023-12-13,KGS,momentum,"momentum(n=5,rearm=3)",BUY_NOW,down,0.5,fast,5,1.00776,"{""n"": 5, ""rearm"": 3, ""_feasible"": true, ""_n_feasible"": 2, ""_score"": 1.1665}","{""streak"": 5.0, ""drop_pct"": -2.985261414942675}"
2024-01-12,KGS,ml_localmin,"ml_localmin(fp_cost=3.0,gate_pct=0.2,gate_window=120,h=10,min_pos_rate=0.25,rearm=5,seed=0,tol_bps=10.0)",BUY_NOW,down,0.2455123583835751,medium,6,0.986704,"{""h"": 10, ""tol_bps"": 10.0, ""gate_window"": 120, ""gate_pct"": 0.2, ""fp_cost"": 3.0, ""min_pos_rate"": 0.25, ""rearm"": 5, ""seed"": 0, ""threshold"": 0.003, ""_fitted"": true, ""_pos_rate_val"": 0.909}","{""proba"": 0.2455123583835751, ""pct_rank"": 0.008333333333333333, ""window"": 120.0}"
2024-01-16,KGS,momentum,"momentum(n=5,rearm=3)",BUY_NOW,down,0.5,fast,6,0.981295,"{""n"": 5, ""rearm"": 3, ""_feasible"": true, ""_n_feasible"": 2, ""_score"": 1.1389}","{""streak"": 5.0, ""drop_pct"": -3.088675350839931}"
2024-01-17,KGS,reversal,"reversal(max_days_since_min=5,rearm=5,rise_bps=20,window=120)",WINDOW_CLOSING,up,1.0,slow,6,0.989479,"{""window"": 120, ""rise_bps"": 20, ""max_days_since_min"": 5, ""rearm"": 5, ""_feasible"": true, ""_n_feasible"": 21, ""_score"": 1.8525}","{""rise_pct"": 0.8339999694281452, ""min_rate"": 0.981295, ""days_since_min"": 1.0, ""window"": 120.0}"
2024-01-19,KGS,ml_localmin,"ml_localmin(fp_cost=3.0,gate_pct=0.2,gate_window=120,h=10,min_pos_rate=0.25,rearm=5,seed=0,tol_bps=10.0)",BUY_NOW,down,0.006541259796836464,medium,6,0.99185,"{""h"": 10, ""tol_bps"": 10.0, ""gate_window"": 120, ""gate_pct"": 0.2, ""fp_cost"": 3.0, ""min_pos_rate"": 0.25, ""rearm"": 5, ""seed"": 0, ""threshold"": 0.003, ""_fitted"": true, ""_pos_rate_val"": 0.909}","{""proba"": 0.006541259796836464, ""pct_rank"": 0.058333333333333334, ""window"": 120.0}"
2024-04-24,KGS,seasonality,"seasonality(from_day=24,min_share=0.5,min_years=3,rearm=20)",BUY_NOW,down,0.6666666666666666,slow,6,1.04113,"{""min_share"": 0.5, ""min_years"": 3, ""from_day"": 24, ""rearm"": 20, ""_feasible"": true, ""_n_feasible"": 8, ""_score"": 1.1001}","{""k_years"": 6.0, ""n_years"": 9.0, ""target_month"": 5.0}"
2024-05-28,KGS,ml_localmin,"ml_localmin(fp_cost=3.0,gate_pct=0.2,gate_window=120,h=10,min_pos_rate=0.25,rearm=5,seed=0,tol_bps=10.0)",BUY_NOW,down,0.1540820384333095,medium,6,1.00611,"{""h"": 10, ""tol_bps"": 10.0, ""gate_window"": 120, ""gate_pct"": 0.2, ""fp_cost"": 3.0, ""min_pos_rate"": 0.25, ""rearm"": 5, ""seed"": 0, ""threshold"": 0.003, ""_fitted"": true, ""_pos_rate_val"": 0.909}","{""proba"": 0.1540820384333095, ""pct_rank"": 0.175, ""window"": 120.0}"
2024-06-18,KGS,ml_localmin,"ml_localmin(fp_cost=3.0,gate_pct=0.2,gate_window=120,h=10,min_pos_rate=0.25,rearm=5,seed=0,tol_bps=10.0)",BUY_NOW,down,0.4996599113277186,medium,6,0.993537,"{""h"": 10, ""tol_bps"": 10.0, ""gate_window"": 120, ""gate_pct"": 0.2, ""fp_cost"": 3.0, ""min_pos_rate"": 0.25, ""rearm"": 5, ""seed"": 0, ""threshold"": 0.003, ""_fitted"": true, ""_pos_rate_val"": 0.909}","{""proba"": 0.4996599113277186, ""pct_rank"": 0.09166666666666666, ""window"": 120.0}"
2024-06-19,KGS,dip_vs_trend,"dip_vs_trend(pct=0.05,rearm=5,span=20,window=250)",BUY_NOW,down,0.92,medium,6,0.946486,"{""span"": 20, ""window"": 250, ""pct"": 0.05, ""rearm"": 5, ""_feasible"": true, ""_n_feasible"": 8, ""_score"": 1.3925}","{""dev_pct"": -6.582608523572309, ""pct_rank"": 0.004, ""window"": 250.0, ""span"": 20.0}"
2024-06-20,KGS,reversal,"reversal(max_days_since_min=5,rearm=5,rise_bps=20,window=120)",WINDOW_CLOSING,up,1.0,slow,6,0.982976,"{""window"": 120, ""rise_bps"": 20, ""max_days_since_min"": 5, ""rearm"": 5, ""_feasible"": true, ""_n_feasible"": 21, ""_score"": 1.8525}","{""rise_pct"": 3.8553132323140504, ""min_rate"": 0.946486, ""days_since_min"": 1.0, ""window"": 120.0}"
2024-06-24,KGS,seasonality,"seasonality(from_day=24,min_share=0.5,min_years=3,rearm=20)",BUY_NOW,down,0.6666666666666666,slow,6,1.00784,"{""min_share"": 0.5, ""min_years"": 3, ""from_day"": 24, ""rearm"": 20, ""_feasible"": true, ""_n_feasible"": 8, ""_score"": 1.1001}","{""k_years"": 6.0, ""n_years"": 9.0, ""target_month"": 7.0}"
2024-06-25,KGS,ml_localmin,"ml_localmin(fp_cost=3.0,gate_pct=0.2,gate_window=120,h=10,min_pos_rate=0.25,rearm=5,seed=0,tol_bps=10.0)",BUY_NOW,down,0.003668897528028782,medium,6,1.00797,"{""h"": 10, ""tol_bps"": 10.0, ""gate_window"": 120, ""gate_pct"": 0.2, ""fp_cost"": 3.0, ""min_pos_rate"": 0.25, ""rearm"": 5, ""seed"": 0, ""threshold"": 0.003, ""_fitted"": true, ""_pos_rate_val"": 0.909}","{""proba"": 0.003668897528028782, ""pct_rank"": 0.19166666666666668, ""window"": 120.0}"
2024-06-27,KGS,level,"level(pct=0.05,rearm=5,stall_days=3,window=250)",BUY_NOW,down,0.44000000000000006,medium,6,0.982811,"{""window"": 250, ""pct"": 0.05, ""stall_days"": 3, ""rearm"": 5, ""_feasible"": true, ""_n_feasible"": 6, ""_score"": 1.4151}","{""pct_rank"": 0.028, ""window"": 250.0, ""days_since_min"": 6.0}"
2024-07-24,KGS,seasonality,"seasonality(from_day=24,min_share=0.5,min_years=3,rearm=20)",BUY_NOW,down,0.6666666666666666,slow,7,1.02758,"{""min_share"": 0.5, ""min_years"": 3, ""from_day"": 24, ""rearm"": 20, ""_feasible"": true, ""_n_feasible"": 8, ""_score"": 1.0962}","{""k_years"": 6.0, ""n_years"": 9.0, ""target_month"": 8.0}"
2024-07-25,KGS,ml_localmin,"ml_localmin(fp_cost=3.0,gate_pct=0.2,gate_window=120,h=10,min_pos_rate=0.25,rearm=5,seed=0,tol_bps=10.0)",BUY_NOW,down,0.0560089366840214,medium,7,1.01437,"{""h"": 10, ""tol_bps"": 10.0, ""gate_window"": 120, ""gate_pct"": 0.2, ""fp_cost"": 3.0, ""min_pos_rate"": 0.25, ""rearm"": 5, ""seed"": 0, ""threshold"": 0.0029, ""_fitted"": true, ""_pos_rate_val"": 0.632}","{""proba"": 0.0560089366840214, ""pct_rank"": 0.175, ""window"": 120.0}"
2024-08-05,KGS,ml_localmin,"ml_localmin(fp_cost=3.0,gate_pct=0.2,gate_window=120,h=10,min_pos_rate=0.25,rearm=5,seed=0,tol_bps=10.0)",BUY_NOW,down,0.31730997836969027,medium,7,1.00526,"{""h"": 10, ""tol_bps"": 10.0, ""gate_window"": 120, ""gate_pct"": 0.2, ""fp_cost"": 3.0, ""min_pos_rate"": 0.25, ""rearm"": 5, ""seed"": 0, ""threshold"": 0.0029, ""_fitted"": true, ""_pos_rate_val"": 0.632}","{""proba"": 0.31730997836969027, ""pct_rank"": 0.05, ""window"": 120.0}"
2024-10-24,KGS,seasonality,"seasonality(from_day=24,min_share=0.5,min_years=3,rearm=20)",BUY_NOW,down,0.5555555555555556,slow,7,1.12751,"{""min_share"": 0.5, ""min_years"": 3, ""from_day"": 24, ""rearm"": 20, ""_feasible"": true, ""_n_feasible"": 8, ""_score"": 1.0962}","{""k_years"": 5.0, ""n_years"": 9.0, ""target_month"": 11.0}"
2024-11-25,KGS,seasonality,"seasonality(from_day=24,min_share=0.5,min_years=3,rearm=20)",BUY_NOW,down,0.5555555555555556,slow,7,1.19589,"{""min_share"": 0.5, ""min_years"": 3, ""from_day"": 24, ""rearm"": 20, ""_feasible"": true, ""_n_feasible"": 8, ""_score"": 1.0962}","{""k_years"": 5.0, ""n_years"": 9.0, ""target_month"": 12.0}"
2024-12-06,KGS,dip_vs_trend,"dip_vs_trend(pct=0.05,rearm=5,span=20,window=250)",BUY_NOW,down,0.84,medium,7,1.14541,"{""span"": 20, ""window"": 250, ""pct"": 0.05, ""rearm"": 5, ""_feasible"": true, ""_n_feasible"": 11, ""_score"": 1.3925}","{""dev_pct"": -3.284939635941153, ""pct_rank"": 0.008, ""window"": 250.0, ""span"": 20.0}"
2024-12-06,KGS,momentum,"momentum(n=6,rearm=2)",BUY_NOW,down,0.5,fast,7,1.14541,"{""n"": 6, ""rearm"": 2, ""_feasible"": true, ""_n_feasible"": 3, ""_score"": 1.479}","{""streak"": 6.0, ""drop_pct"": -9.268706135834359}"
2024-12-23,KGS,dip_vs_trend,"dip_vs_trend(pct=0.05,rearm=5,span=20,window=250)",BUY_NOW,down,0.1200000000000001,medium,7,1.16798,"{""span"": 20, ""window"": 250, ""pct"": 0.05, ""rearm"": 5, ""_feasible"": true, ""_n_feasible"": 11, ""_score"": 1.3925}","{""dev_pct"": -2.2986558724908623, ""pct_rank"": 0.044, ""window"": 250.0, ""span"": 20.0}"
2025-01-22,KGS,dip_vs_trend,"dip_vs_trend(pct=0.05,rearm=5,span=20,window=250)",BUY_NOW,down,0.76,medium,8,1.12385,"{""span"": 20, ""window"": 250, ""pct"": 0.05, ""rearm"": 5, ""_feasible"": true, ""_n_feasible"": 12, ""_score"": 1.3925}","{""dev_pct"": -3.576179622772957, ""pct_rank"": 0.012, ""window"": 250.0, ""span"": 20.0}"
2025-01-24,KGS,seasonality,"seasonality(from_day=24,min_share=0.5,min_years=3,rearm=20)",BUY_NOW,down,0.5,slow,8,1.12365,"{""min_share"": 0.5, ""min_years"": 3, ""from_day"": 24, ""rearm"": 20, ""_feasible"": true, ""_n_feasible"": 8, ""_score"": 1.0962}","{""k_years"": 5.0, ""n_years"": 10.0, ""target_month"": 2.0}"
2025-02-06,KGS,dip_vs_trend,"dip_vs_trend(pct=0.05,rearm=5,span=20,window=250)",BUY_NOW,down,0.20000000000000007,medium,8,1.10818,"{""span"": 20, ""window"": 250, ""pct"": 0.05, ""rearm"": 5, ""_feasible"": true, ""_n_feasible"": 12, ""_score"": 1.3925}","{""dev_pct"": -2.9005926658045023, ""pct_rank"": 0.04, ""window"": 250.0, ""span"": 20.0}"
2025-02-11,KGS,ml_localmin,"ml_localmin(fp_cost=3.0,gate_pct=0.2,gate_window=120,h=10,min_pos_rate=0.25,rearm=5,seed=0,tol_bps=10.0)",BUY_NOW,down,0.10666103183806934,medium,8,1.09551,"{""h"": 10, ""tol_bps"": 10.0, ""gate_window"": 120, ""gate_pct"": 0.2, ""fp_cost"": 3.0, ""min_pos_rate"": 0.25, ""rearm"": 5, ""seed"": 0, ""threshold"": 0.0044, ""_fitted"": true, ""_pos_rate_val"": 0.6}","{""proba"": 0.10666103183806934, ""pct_rank"": 0.2, ""window"": 120.0}"
2025-02-13,KGS,dip_vs_trend,"dip_vs_trend(pct=0.05,rearm=5,span=20,window=250)",BUY_NOW,down,0.92,medium,8,1.04095,"{""span"": 20, ""window"": 250, ""pct"": 0.05, ""rearm"": 5, ""_feasible"": true, ""_n_feasible"": 12, ""_score"": 1.3925}","{""dev_pct"": -6.980879676088458, ""pct_rank"": 0.004, ""window"": 250.0, ""span"": 20.0}"
2025-02-17,KGS,reversal,"reversal(max_days_since_min=5,rearm=5,rise_bps=20,window=120)",WINDOW_CLOSING,up,1.0,slow,8,1.04557,"{""window"": 120, ""rise_bps"": 20, ""max_days_since_min"": 5, ""rearm"": 5, ""_feasible"": true, ""_n_feasible"": 21, ""_score"": 1.8525}","{""rise_pct"": 1.2462477002033623, ""min_rate"": 1.0327, ""days_since_min"": 1.0, ""window"": 120.0}"
2025-02-18,KGS,ml_localmin,"ml_localmin(fp_cost=3.0,gate_pct=0.2,gate_window=120,h=10,min_pos_rate=0.25,rearm=5,seed=0,tol_bps=10.0)",BUY_NOW,down,0.04206086020215587,medium,8,1.04448,"{""h"": 10, ""tol_bps"": 10.0, ""gate_window"": 120, ""gate_pct"": 0.2, ""fp_cost"": 3.0, ""min_pos_rate"": 0.25, ""rearm"": 5, ""seed"": 0, ""threshold"": 0.0044, ""_fitted"": true, ""_pos_rate_val"": 0.6}","{""proba"": 0.04206086020215587, ""pct_rank"": 0.025, ""window"": 120.0}"
2025-02-20,KGS,dip_vs_trend,"dip_vs_trend(pct=0.05,rearm=5,span=20,window=250)",BUY_NOW,down,0.92,medium,8,1.01212,"{""span"": 20, ""window"": 250, ""pct"": 0.05, ""rearm"": 5, ""_feasible"": true, ""_n_feasible"": 12, ""_score"": 1.3925}","{""dev_pct"": -7.202548143285393, ""pct_rank"": 0.004, ""window"": 250.0, ""span"": 20.0}"
2025-02-21,KGS,level,"level(pct=0.05,rearm=3,stall_days=3,window=250)",BUY_NOW,down,0.1200000000000001,medium,8,1.00821,"{""window"": 250, ""pct"": 0.05, ""stall_days"": 3, ""rearm"": 3, ""_feasible"": true, ""_n_feasible"": 8, ""_score"": 1.5234}","{""pct_rank"": 0.044, ""window"": 250.0, ""days_since_min"": 170.0}"
2025-02-24,KGS,seasonality,"seasonality(from_day=24,min_share=0.5,min_years=3,rearm=20)",BUY_NOW,down,0.5,slow,8,1.00865,"{""min_share"": 0.5, ""min_years"": 3, ""from_day"": 24, ""rearm"": 20, ""_feasible"": true, ""_n_feasible"": 8, ""_score"": 1.0962}","{""k_years"": 5.0, ""n_years"": 10.0, ""target_month"": 3.0}"
2025-02-25,KGS,ml_localmin,"ml_localmin(fp_cost=3.0,gate_pct=0.2,gate_window=120,h=10,min_pos_rate=0.25,rearm=5,seed=0,tol_bps=10.0)",BUY_NOW,down,0.12537789904120783,medium,8,0.99065,"{""h"": 10, ""tol_bps"": 10.0, ""gate_window"": 120, ""gate_pct"": 0.2, ""fp_cost"": 3.0, ""min_pos_rate"": 0.25, ""rearm"": 5, ""seed"": 0, ""threshold"": 0.0044, ""_fitted"": true, ""_pos_rate_val"": 0.6}","{""proba"": 0.12537789904120783, ""pct_rank"": 0.008333333333333333, ""window"": 120.0}"
2025-02-26,KGS,level,"level(pct=0.05,rearm=3,stall_days=3,window=250)",BUY_NOW,down,0.84,medium,8,0.98259,"{""window"": 250, ""pct"": 0.05, ""stall_days"": 3, ""rearm"": 3, ""_feasible"": true, ""_n_feasible"": 8, ""_score"": 1.5234}","{""pct_rank"": 0.008, ""window"": 250.0, ""days_since_min"": 173.0}"
2025-02-27,KGS,dip_vs_trend,"dip_vs_trend(pct=0.05,rearm=5,span=20,window=250)",BUY_NOW,down,0.1200000000000001,medium,8,1.00282,"{""span"": 20, ""window"": 250, ""pct"": 0.05, ""rearm"": 5, ""_feasible"": true, ""_n_feasible"": 12, ""_score"": 1.3925}","{""dev_pct"": -5.44050428210755, ""pct_rank"": 0.044, ""window"": 250.0, ""span"": 20.0}"
2025-02-27,KGS,reversal,"reversal(max_days_since_min=5,rearm=5,rise_bps=20,window=120)",WINDOW_CLOSING,up,1.0,slow,8,1.00282,"{""window"": 120, ""rise_bps"": 20, ""max_days_since_min"": 5, ""rearm"": 5, ""_feasible"": true, ""_n_feasible"": 21, ""_score"": 1.8525}","{""rise_pct"": 2.0588444824392704, ""min_rate"": 0.98259, ""days_since_min"": 1.0, ""window"": 120.0}"
2025-03-10,KGS,ml_localmin,"ml_localmin(fp_cost=3.0,gate_pct=0.2,gate_window=120,h=10,min_pos_rate=0.25,rearm=5,seed=0,tol_bps=10.0)",BUY_NOW,down,0.017646923745356407,medium,8,1.01072,"{""h"": 10, ""tol_bps"": 10.0, ""gate_window"": 120, ""gate_pct"": 0.2, ""fp_cost"": 3.0, ""min_pos_rate"": 0.25, ""rearm"": 5, ""seed"": 0, ""threshold"": 0.0044, ""_fitted"": true, ""_pos_rate_val"": 0.6}","{""proba"": 0.017646923745356407, ""pct_rank"": 0.058333333333333334, ""window"": 120.0}"
2025-03-11,KGS,level,"level(pct=0.05,rearm=3,stall_days=3,window=250)",BUY_NOW,down,0.6000000000000001,medium,8,0.98991,"{""window"": 250, ""pct"": 0.05, ""stall_days"": 3, ""rearm"": 3, ""_feasible"": true, ""_n_feasible"": 8, ""_score"": 1.5234}","{""pct_rank"": 0.02, ""window"": 250.0, ""days_since_min"": 182.0}"
2025-03-14,KGS,level,"level(pct=0.05,rearm=3,stall_days=3,window=250)",BUY_NOW,down,0.84,medium,8,0.9785,"{""window"": 250, ""pct"": 0.05, ""stall_days"": 3, ""rearm"": 3, ""_feasible"": true, ""_n_feasible"": 8, ""_score"": 1.5234}","{""pct_rank"": 0.008, ""window"": 250.0, ""days_since_min"": 185.0}"
2025-03-17,KGS,ml_localmin,"ml_localmin(fp_cost=3.0,gate_pct=0.2,gate_window=120,h=10,min_pos_rate=0.25,rearm=5,seed=0,tol_bps=10.0)",BUY_NOW,down,0.09142531082413634,medium,8,0.96464,"{""h"": 10, ""tol_bps"": 10.0, ""gate_window"": 120, ""gate_pct"": 0.2, ""fp_cost"": 3.0, ""min_pos_rate"": 0.25, ""rearm"": 5, ""seed"": 0, ""threshold"": 0.0044, ""_fitted"": true, ""_pos_rate_val"": 0.6}","{""proba"": 0.09142531082413634, ""pct_rank"": 0.008333333333333333, ""window"": 120.0}"
2025-03-18,KGS,dip_vs_trend,"dip_vs_trend(pct=0.05,rearm=5,span=20,window=250)",BUY_NOW,down,0.28000000000000014,medium,8,0.93664,"{""span"": 20, ""window"": 250, ""pct"": 0.05, ""rearm"": 5, ""_feasible"": true, ""_n_feasible"": 12, ""_score"": 1.3925}","{""dev_pct"": -6.435412374352245, ""pct_rank"": 0.036, ""window"": 250.0, ""span"": 20.0}"
2025-03-19,KGS,reversal,"reversal(max_days_since_min=5,rearm=5,rise_bps=20,window=120)",WINDOW_CLOSING,up,1.0,slow,8,0.96775,"{""window"": 120, ""rise_bps"": 20, ""max_days_since_min"": 5, ""rearm"": 5, ""_feasible"": true, ""_n_feasible"": 21, ""_score"": 1.8525}","{""rise_pct"": 3.3214468739323433, ""min_rate"": 0.93664, ""days_since_min"": 1.0, ""window"": 120.0}"
2025-03-21,KGS,level,"level(pct=0.05,rearm=3,stall_days=3,window=250)",BUY_NOW,down,0.20000000000000007,medium,8,0.98527,"{""window"": 250, ""pct"": 0.05, ""stall_days"": 3, ""rearm"": 3, ""_feasible"": true, ""_n_feasible"": 8, ""_score"": 1.5234}","{""pct_rank"": 0.04, ""window"": 250.0, ""days_since_min"": 3.0}"
2025-03-24,KGS,ml_localmin,"ml_localmin(fp_cost=3.0,gate_pct=0.2,gate_window=120,h=10,min_pos_rate=0.25,rearm=5,seed=0,tol_bps=10.0)",BUY_NOW,down,0.01067942241241339,medium,8,0.96751,"{""h"": 10, ""tol_bps"": 10.0, ""gate_window"": 120, ""gate_pct"": 0.2, ""fp_cost"": 3.0, ""min_pos_rate"": 0.25, ""rearm"": 5, ""seed"": 0, ""threshold"": 0.0044, ""_fitted"": true, ""_pos_rate_val"": 0.6}","{""proba"": 0.01067942241241339, ""pct_rank"": 0.025, ""window"": 120.0}"
2025-03-24,KGS,seasonality,"seasonality(from_day=24,min_share=0.5,min_years=3,rearm=20)",BUY_NOW,down,0.5,slow,8,0.96751,"{""min_share"": 0.5, ""min_years"": 3, ""from_day"": 24, ""rearm"": 20, ""_feasible"": true, ""_n_feasible"": 8, ""_score"": 1.0962}","{""k_years"": 5.0, ""n_years"": 10.0, ""target_month"": 4.0}"
2025-03-26,KGS,level,"level(pct=0.05,rearm=3,stall_days=3,window=250)",BUY_NOW,down,0.44000000000000006,medium,8,0.973974,"{""window"": 250, ""pct"": 0.05, ""stall_days"": 3, ""rearm"": 3, ""_feasible"": true, ""_n_feasible"": 8, ""_score"": 1.5234}","{""pct_rank"": 0.028, ""window"": 250.0, ""days_since_min"": 6.0}"
2025-04-01,KGS,level,"level(pct=0.05,rearm=3,stall_days=3,window=250)",BUY_NOW,down,0.1200000000000001,medium,8,0.979316,"{""window"": 250, ""pct"": 0.05, ""stall_days"": 3, ""rearm"": 3, ""_feasible"": true, ""_n_feasible"": 8, ""_score"": 1.5234}","{""pct_rank"": 0.044, ""window"": 250.0, ""days_since_min"": 10.0}"
2025-04-04,KGS,level,"level(pct=0.05,rearm=3,stall_days=3,window=250)",BUY_NOW,down,0.36,medium,8,0.971287,"{""window"": 250, ""pct"": 0.05, ""stall_days"": 3, ""rearm"": 3, ""_feasible"": true, ""_n_feasible"": 8, ""_score"": 1.5234}","{""pct_rank"": 0.032, ""window"": 250.0, ""days_since_min"": 13.0}"
2025-04-10,KGS,level,"level(pct=0.05,rearm=3,stall_days=3,window=250)",BUY_NOW,down,0.28000000000000014,medium,8,0.972166,"{""window"": 250, ""pct"": 0.05, ""stall_days"": 3, ""rearm"": 3, ""_feasible"": true, ""_n_feasible"": 8, ""_score"": 1.5234}","{""pct_rank"": 0.036, ""window"": 250.0, ""days_since_min"": 17.0}"
2025-04-10,KGS,ml_localmin,"ml_localmin(fp_cost=3.0,gate_pct=0.2,gate_window=120,h=10,min_pos_rate=0.25,rearm=5,seed=0,tol_bps=10.0)",BUY_NOW,down,0.007131217700427647,medium,8,0.972166,"{""h"": 10, ""tol_bps"": 10.0, ""gate_window"": 120, ""gate_pct"": 0.2, ""fp_cost"": 3.0, ""min_pos_rate"": 0.25, ""rearm"": 5, ""seed"": 0, ""threshold"": 0.0044, ""_fitted"": true, ""_pos_rate_val"": 0.6}","{""proba"": 0.007131217700427647, ""pct_rank"": 0.06666666666666667, ""window"": 120.0}"
2025-04-15,KGS,level,"level(pct=0.05,rearm=3,stall_days=3,window=250)",BUY_NOW,down,0.84,medium,8,0.941121,"{""window"": 250, ""pct"": 0.05, ""stall_days"": 3, ""rearm"": 3, ""_feasible"": true, ""_n_feasible"": 8, ""_score"": 1.5234}","{""pct_rank"": 0.008, ""window"": 250.0, ""days_since_min"": 20.0}"
2025-04-17,KGS,ml_localmin,"ml_localmin(fp_cost=3.0,gate_pct=0.2,gate_window=120,h=10,min_pos_rate=0.25,rearm=5,seed=0,tol_bps=10.0)",BUY_NOW,down,0.09163576038222193,medium,8,0.940235,"{""h"": 10, ""tol_bps"": 10.0, ""gate_window"": 120, ""gate_pct"": 0.2, ""fp_cost"": 3.0, ""min_pos_rate"": 0.25, ""rearm"": 5, ""seed"": 0, ""threshold"": 0.0044, ""_fitted"": true, ""_pos_rate_val"": 0.6}","{""proba"": 0.09163576038222193, ""pct_rank"": 0.016666666666666666, ""window"": 120.0}"
2025-04-22,KGS,reversal,"reversal(max_days_since_min=5,rearm=5,rise_bps=20,window=120)",WINDOW_CLOSING,up,1.0,slow,8,0.937692,"{""window"": 120, ""rise_bps"": 20, ""max_days_since_min"": 5, ""rearm"": 5, ""_feasible"": true, ""_n_feasible"": 21, ""_score"": 1.8525}","{""rise_pct"": 0.8612594588489619, ""min_rate"": 0.929685, ""days_since_min"": 1.0, ""window"": 120.0}"
2025-04-24,KGS,level,"level(pct=0.05,rearm=3,stall_days=3,window=250)",BUY_NOW,down,0.1200000000000001,medium,8,0.948905,"{""window"": 250, ""pct"": 0.05, ""stall_days"": 3, ""rearm"": 3, ""_feasible"": true, ""_n_feasible"": 8, ""_score"": 1.5234}","{""pct_rank"": 0.044, ""window"": 250.0, ""days_since_min"": 3.0}"
2025-04-24,KGS,seasonality,"seasonality(from_day=24,min_share=0.5,min_years=3,rearm=20)",BUY_NOW,down,0.6,slow,8,0.948905,"{""min_share"": 0.5, ""min_years"": 3, ""from_day"": 24, ""rearm"": 20, ""_feasible"": true, ""_n_feasible"": 8, ""_score"": 1.0962}","{""k_years"": 6.0, ""n_years"": 10.0, ""target_month"": 5.0}"
2025-04-29,KGS,level,"level(pct=0.05,rearm=3,stall_days=3,window=250)",BUY_NOW,down,0.76,medium,8,0.932666,"{""window"": 250, ""pct"": 0.05, ""stall_days"": 3, ""rearm"": 3, ""_feasible"": true, ""_n_feasible"": 8, ""_score"": 1.5234}","{""pct_rank"": 0.012, ""window"": 250.0, ""days_since_min"": 6.0}"
2025-04-29,KGS,ml_localmin,"ml_localmin(fp_cost=3.0,gate_pct=0.2,gate_window=120,h=10,min_pos_rate=0.25,rearm=5,seed=0,tol_bps=10.0)",BUY_NOW,down,0.01423931096341386,medium,8,0.932666,"{""h"": 10, ""tol_bps"": 10.0, ""gate_window"": 120, ""gate_pct"": 0.2, ""fp_cost"": 3.0, ""min_pos_rate"": 0.25, ""rearm"": 5, ""seed"": 0, ""threshold"": 0.0044, ""_fitted"": true, ""_pos_rate_val"": 0.6}","{""proba"": 0.01423931096341386, ""pct_rank"": 0.025, ""window"": 120.0}"
2025-05-12,KGS,ml_localmin,"ml_localmin(fp_cost=3.0,gate_pct=0.2,gate_window=120,h=10,min_pos_rate=0.25,rearm=5,seed=0,tol_bps=10.0)",BUY_NOW,down,0.02165790048706852,medium,8,0.924966,"{""h"": 10, ""tol_bps"": 10.0, ""gate_window"": 120, ""gate_pct"": 0.2, ""fp_cost"": 3.0, ""min_pos_rate"": 0.25, ""rearm"": 5, ""seed"": 0, ""threshold"": 0.0044, ""_fitted"": true, ""_pos_rate_val"": 0.6}","{""proba"": 0.02165790048706852, ""pct_rank"": 0.016666666666666666, ""window"": 120.0}"
2025-05-16,KGS,reversal,"reversal(max_days_since_min=5,rearm=5,rise_bps=20,window=120)",WINDOW_CLOSING,up,1.0,slow,8,0.923601,"{""window"": 120, ""rise_bps"": 20, ""max_days_since_min"": 5, ""rearm"": 5, ""_feasible"": true, ""_n_feasible"": 21, ""_score"": 1.8525}","{""rise_pct"": 0.6796632968738779, ""min_rate"": 0.917366, ""days_since_min"": 2.0, ""window"": 120.0}"
2025-05-19,KGS,level,"level(pct=0.05,rearm=3,stall_days=3,window=250)",BUY_NOW,down,0.76,medium,8,0.919539,"{""window"": 250, ""pct"": 0.05, ""stall_days"": 3, ""rearm"": 3, ""_feasible"": true, ""_n_feasible"": 8, ""_score"": 1.5234}","{""pct_rank"": 0.012, ""window"": 250.0, ""days_since_min"": 3.0}"
2025-05-19,KGS,ml_localmin,"ml_localmin(fp_cost=3.0,gate_pct=0.2,gate_window=120,h=10,min_pos_rate=0.25,rearm=5,seed=0,tol_bps=10.0)",BUY_NOW,down,0.067884271820002,medium,8,0.919539,"{""h"": 10, ""tol_bps"": 10.0, ""gate_window"": 120, ""gate_pct"": 0.2, ""fp_cost"": 3.0, ""min_pos_rate"": 0.25, ""rearm"": 5, ""seed"": 0, ""threshold"": 0.0044, ""_fitted"": true, ""_pos_rate_val"": 0.6}","{""proba"": 0.067884271820002, ""pct_rank"": 0.025, ""window"": 120.0}"
2025-05-26,KGS,ml_localmin,"ml_localmin(fp_cost=3.0,gate_pct=0.2,gate_window=120,h=10,min_pos_rate=0.25,rearm=5,seed=0,tol_bps=10.0)",BUY_NOW,down,0.1758003989244464,medium,8,0.910907,"{""h"": 10, ""tol_bps"": 10.0, ""gate_window"": 120, ""gate_pct"": 0.2, ""fp_cost"": 3.0, ""min_pos_rate"": 0.25, ""rearm"": 5, ""seed"": 0, ""threshold"": 0.0044, ""_fitted"": true, ""_pos_rate_val"": 0.6}","{""proba"": 0.1758003989244464, ""pct_rank"": 0.008333333333333333, ""window"": 120.0}"
2025-05-26,KGS,momentum,"momentum(n=6,rearm=2)",BUY_NOW,down,0.5,fast,8,0.910907,"{""n"": 6, ""rearm"": 2, ""_feasible"": true, ""_n_feasible"": 3, ""_score"": 1.479}","{""streak"": 6.0, ""drop_pct"": -1.3744030160209864}"
2025-05-28,KGS,momentum,"momentum(n=6,rearm=2)",BUY_NOW,down,0.6666666666666666,fast,8,0.910277,"{""n"": 6, ""rearm"": 2, ""_feasible"": true, ""_n_feasible"": 3, ""_score"": 1.479}","{""streak"": 8.0, ""drop_pct"": -1.4426142890707094}"
2025-06-02,KGS,reversal,"reversal(max_days_since_min=5,rearm=5,rise_bps=20,window=120)",WINDOW_CLOSING,up,1.0,slow,8,0.904843,"{""window"": 120, ""rise_bps"": 20, ""max_days_since_min"": 5, ""rearm"": 5, ""_feasible"": true, ""_n_feasible"": 21, ""_score"": 1.8525}","{""rise_pct"": 0.8045711943013734, ""min_rate"": 0.897621, ""days_since_min"": 2.0, ""window"": 120.0}"
2025-06-03,KGS,level,"level(pct=0.05,rearm=3,stall_days=3,window=250)",BUY_NOW,down,0.76,medium,8,0.901714,"{""window"": 250, ""pct"": 0.05, ""stall_days"": 3, ""rearm"": 3, ""_feasible"": true, ""_n_feasible"": 8, ""_score"": 1.5234}","{""pct_rank"": 0.012, ""window"": 250.0, ""days_since_min"": 3.0}"
2025-06-03,KGS,ml_localmin,"ml_localmin(fp_cost=3.0,gate_pct=0.2,gate_window=120,h=10,min_pos_rate=0.25,rearm=5,seed=0,tol_bps=10.0)",BUY_NOW,down,0.09232456109249194,medium,8,0.901714,"{""h"": 10, ""tol_bps"": 10.0, ""gate_window"": 120, ""gate_pct"": 0.2, ""fp_cost"": 3.0, ""min_pos_rate"": 0.25, ""rearm"": 5, ""seed"": 0, ""threshold"": 0.0044, ""_fitted"": true, ""_pos_rate_val"": 0.6}","{""proba"": 0.09232456109249194, ""pct_rank"": 0.025, ""window"": 120.0}"
2025-06-06,KGS,level,"level(pct=0.05,rearm=3,stall_days=3,window=250)",BUY_NOW,down,0.44000000000000006,medium,8,0.905321,"{""window"": 250, ""pct"": 0.05, ""stall_days"": 3, ""rearm"": 3, ""_feasible"": true, ""_n_feasible"": 8, ""_score"": 1.5234}","{""pct_rank"": 0.028, ""window"": 250.0, ""days_since_min"": 6.0}"
2025-06-10,KGS,ml_localmin,"ml_localmin(fp_cost=3.0,gate_pct=0.2,gate_window=120,h=10,min_pos_rate=0.25,rearm=5,seed=0,tol_bps=10.0)",BUY_NOW,down,0.05743855883312262,medium,8,0.898803,"{""h"": 10, ""tol_bps"": 10.0, ""gate_window"": 120, ""gate_pct"": 0.2, ""fp_cost"": 3.0, ""min_pos_rate"": 0.25, ""rearm"": 5, ""seed"": 0, ""threshold"": 0.0044, ""_fitted"": true, ""_pos_rate_val"": 0.6}","{""proba"": 0.05743855883312262, ""pct_rank"": 0.025, ""window"": 120.0}"
2025-06-11,KGS,level,"level(pct=0.05,rearm=3,stall_days=3,window=250)",BUY_NOW,down,0.52,medium,8,0.903405,"{""window"": 250, ""pct"": 0.05, ""stall_days"": 3, ""rearm"": 3, ""_feasible"": true, ""_n_feasible"": 8, ""_score"": 1.5234}","{""pct_rank"": 0.024, ""window"": 250.0, ""days_since_min"": 9.0}"
2025-06-18,KGS,level,"level(pct=0.05,rearm=3,stall_days=3,window=250)",BUY_NOW,down,0.44000000000000006,medium,8,0.900142,"{""window"": 250, ""pct"": 0.05, ""stall_days"": 3, ""rearm"": 3, ""_feasible"": true, ""_n_feasible"": 8, ""_score"": 1.5234}","{""pct_rank"": 0.028, ""window"": 250.0, ""days_since_min"": 12.0}"
2025-06-19,KGS,ml_localmin,"ml_localmin(fp_cost=3.0,gate_pct=0.2,gate_window=120,h=10,min_pos_rate=0.25,rearm=5,seed=0,tol_bps=10.0)",BUY_NOW,down,0.13433635725510218,medium,8,0.897472,"{""h"": 10, ""tol_bps"": 10.0, ""gate_window"": 120, ""gate_pct"": 0.2, ""fp_cost"": 3.0, ""min_pos_rate"": 0.25, ""rearm"": 5, ""seed"": 0, ""threshold"": 0.0044, ""_fitted"": true, ""_pos_rate_val"": 0.6}","{""proba"": 0.13433635725510218, ""pct_rank"": 0.008333333333333333, ""window"": 120.0}"
2025-06-24,KGS,reversal,"reversal(max_days_since_min=5,rearm=5,rise_bps=20,window=120)",WINDOW_CLOSING,up,0.7307509373039034,slow,8,0.898272,"{""window"": 120, ""rise_bps"": 20, ""max_days_since_min"": 5, ""rearm"": 5, ""_feasible"": true, ""_n_feasible"": 21, ""_score"": 1.8525}","{""rise_pct"": 0.29230037492156136, ""min_rate"": 0.895654, ""days_since_min"": 1.0, ""window"": 120.0}"
2025-06-24,KGS,seasonality,"seasonality(from_day=24,min_share=0.5,min_years=3,rearm=20)",BUY_NOW,down,0.7,slow,8,0.898272,"{""min_share"": 0.5, ""min_years"": 3, ""from_day"": 24, ""rearm"": 20, ""_feasible"": true, ""_n_feasible"": 8, ""_score"": 1.0962}","{""k_years"": 7.0, ""n_years"": 10.0, ""target_month"": 7.0}"
2025-06-26,KGS,level,"level(pct=0.05,rearm=3,stall_days=3,window=250)",BUY_NOW,down,0.84,medium,8,0.89599,"{""window"": 250, ""pct"": 0.05, ""stall_days"": 3, ""rearm"": 3, ""_feasible"": true, ""_n_feasible"": 8, ""_score"": 1.5234}","{""pct_rank"": 0.008, ""window"": 250.0, ""days_since_min"": 3.0}"
2025-06-26,KGS,ml_localmin,"ml_localmin(fp_cost=3.0,gate_pct=0.2,gate_window=120,h=10,min_pos_rate=0.25,rearm=5,seed=0,tol_bps=10.0)",BUY_NOW,down,0.11131998911133258,medium,8,0.89599,"{""h"": 10, ""tol_bps"": 10.0, ""gate_window"": 120, ""gate_pct"": 0.2, ""fp_cost"": 3.0, ""min_pos_rate"": 0.25, ""rearm"": 5, ""seed"": 0, ""threshold"": 0.0044, ""_fitted"": true, ""_pos_rate_val"": 0.6}","{""proba"": 0.11131998911133258, ""pct_rank"": 0.016666666666666666, ""window"": 120.0}"
2025-07-14,KGS,reversal,"reversal(max_days_since_min=5,rearm=5,rise_bps=20,window=120)",WINDOW_CLOSING,up,1.0,slow,9,0.896264,"{""window"": 120, ""rise_bps"": 20, ""max_days_since_min"": 5, ""rearm"": 5, ""_feasible"": true, ""_n_feasible"": 18, ""_score"": 1.8525}","{""rise_pct"": 0.6326989127908522, ""min_rate"": 0.890629, ""days_since_min"": 1.0, ""window"": 120.0}"
2025-07-16,KGS,level,"level(pct=0.05,rearm=5,stall_days=3,window=250)",BUY_NOW,down,0.6799999999999999,medium,9,0.891464,"{""window"": 250, ""pct"": 0.05, ""stall_days"": 3, ""rearm"": 5, ""_feasible"": true, ""_n_feasible"": 5, ""_score"": 1.3975}","{""pct_rank"": 0.016, ""window"": 250.0, ""days_since_min"": 3.0}"
2025-07-24,KGS,seasonality,"seasonality(from_day=24,min_share=0.5,min_years=3,rearm=20)",BUY_NOW,down,0.7,slow,9,0.90332,"{""min_share"": 0.5, ""min_years"": 3, ""from_day"": 24, ""rearm"": 20, ""_feasible"": true, ""_n_feasible"": 8, ""_score"": 1.1001}","{""k_years"": 7.0, ""n_years"": 10.0, ""target_month"": 8.0}"
2025-10-14,KGS,momentum,"momentum(n=6,rearm=2)",BUY_NOW,down,0.5,fast,9,0.914338,"{""n"": 6, ""rearm"": 2, ""_feasible"": true, ""_n_feasible"": 3, ""_score"": 1.479}","{""streak"": 6.0, ""drop_pct"": -3.6640487865525095}"
2025-10-24,KGS,seasonality,"seasonality(from_day=24,min_share=0.5,min_years=3,rearm=20)",BUY_NOW,down,0.6,slow,9,0.925915,"{""min_share"": 0.5, ""min_years"": 3, ""from_day"": 24, ""rearm"": 20, ""_feasible"": true, ""_n_feasible"": 8, ""_score"": 1.1001}","{""k_years"": 6.0, ""n_years"": 10.0, ""target_month"": 11.0}"
2025-11-24,KGS,seasonality,"seasonality(from_day=24,min_share=0.5,min_years=3,rearm=20)",BUY_NOW,down,0.6,slow,9,0.902461,"{""min_share"": 0.5, ""min_years"": 3, ""from_day"": 24, ""rearm"": 20, ""_feasible"": true, ""_n_feasible"": 8, ""_score"": 1.1001}","{""k_years"": 6.0, ""n_years"": 10.0, ""target_month"": 12.0}"
2025-11-26,KGS,ml_localmin,"ml_localmin(fp_cost=3.0,gate_pct=0.2,gate_window=120,h=10,min_pos_rate=0.25,rearm=5,seed=0,tol_bps=10.0)",BUY_NOW,down,0.23288312442407433,medium,9,0.898732,"{""h"": 10, ""tol_bps"": 10.0, ""gate_window"": 120, ""gate_pct"": 0.2, ""fp_cost"": 3.0, ""min_pos_rate"": 0.25, ""rearm"": 5, ""seed"": 0, ""threshold"": 0.0418, ""_fitted"": true, ""_pos_rate_val"": 0.266}","{""proba"": 0.23288312442407433, ""pct_rank"": 0.19166666666666668, ""window"": 120.0}"
2025-11-27,KGS,level,"level(pct=0.05,rearm=5,stall_days=3,window=250)",BUY_NOW,down,0.28000000000000014,medium,9,0.8948,"{""window"": 250, ""pct"": 0.05, ""stall_days"": 3, ""rearm"": 5, ""_feasible"": true, ""_n_feasible"": 5, ""_score"": 1.3975}","{""pct_rank"": 0.036, ""window"": 250.0, ""days_since_min"": 98.0}"
2025-12-03,KGS,reversal,"reversal(max_days_since_min=5,rearm=5,rise_bps=20,window=120)",WINDOW_CLOSING,up,1.0,slow,9,0.891431,"{""window"": 120, ""rise_bps"": 20, ""max_days_since_min"": 5, ""rearm"": 5, ""_feasible"": true, ""_n_feasible"": 18, ""_score"": 1.8525}","{""rise_pct"": 0.6358101555770546, ""min_rate"": 0.885799, ""days_since_min"": 1.0, ""window"": 120.0}"
2025-12-04,KGS,ml_localmin,"ml_localmin(fp_cost=3.0,gate_pct=0.2,gate_window=120,h=10,min_pos_rate=0.25,rearm=5,seed=0,tol_bps=10.0)",BUY_NOW,down,0.13112122318824407,medium,9,0.880169,"{""h"": 10, ""tol_bps"": 10.0, ""gate_window"": 120, ""gate_pct"": 0.2, ""fp_cost"": 3.0, ""min_pos_rate"": 0.25, ""rearm"": 5, ""seed"": 0, ""threshold"": 0.0418, ""_fitted"": true, ""_pos_rate_val"": 0.266}","{""proba"": 0.13112122318824407, ""pct_rank"": 0.008333333333333333, ""window"": 120.0}"
2025-12-10,KGS,level,"level(pct=0.05,rearm=5,stall_days=3,window=250)",BUY_NOW,down,0.36,medium,9,0.890792,"{""window"": 250, ""pct"": 0.05, ""stall_days"": 3, ""rearm"": 5, ""_feasible"": true, ""_n_feasible"": 5, ""_score"": 1.3975}","{""pct_rank"": 0.032, ""window"": 250.0, ""days_since_min"": 3.0}"
2025-12-10,KGS,reversal,"reversal(max_days_since_min=5,rearm=5,rise_bps=20,window=120)",WINDOW_CLOSING,up,1.0,slow,9,0.890792,"{""window"": 120, ""rise_bps"": 20, ""max_days_since_min"": 5, ""rearm"": 5, ""_feasible"": true, ""_n_feasible"": 18, ""_score"": 1.8525}","{""rise_pct"": 2.3734111752131914, ""min_rate"": 0.87014, ""days_since_min"": 3.0, ""window"": 120.0}"
2025-12-25,KGS,level,"level(pct=0.05,rearm=5,stall_days=3,window=250)",BUY_NOW,down,0.44000000000000006,medium,9,0.890616,"{""window"": 250, ""pct"": 0.05, ""stall_days"": 3, ""rearm"": 5, ""_feasible"": true, ""_n_feasible"": 5, ""_score"": 1.3975}","{""pct_rank"": 0.028, ""window"": 250.0, ""days_since_min"": 14.0}"
2025-12-25,KGS,ml_localmin,"ml_localmin(fp_cost=3.0,gate_pct=0.2,gate_window=120,h=10,min_pos_rate=0.25,rearm=5,seed=0,tol_bps=10.0)",BUY_NOW,down,0.08254057009675846,medium,9,0.890616,"{""h"": 10, ""tol_bps"": 10.0, ""gate_window"": 120, ""gate_pct"": 0.2, ""fp_cost"": 3.0, ""min_pos_rate"": 0.25, ""rearm"": 5, ""seed"": 0, ""threshold"": 0.0418, ""_fitted"": true, ""_pos_rate_val"": 0.266}","{""proba"": 0.08254057009675846, ""pct_rank"": 0.058333333333333334, ""window"": 120.0}"
2025-12-29,KGS,momentum,"momentum(n=6,rearm=2)",BUY_NOW,down,0.5,fast,9,0.886,"{""n"": 6, ""rearm"": 2, ""_feasible"": true, ""_n_feasible"": 3, ""_score"": 1.479}","{""streak"": 6.0, ""drop_pct"": -4.015426865930349}"
2026-01-16,KGS,level,"level(pct=0.05,rearm=5,stall_days=3,window=250)",BUY_NOW,down,0.28000000000000014,medium,10,0.890031,"{""window"": 250, ""pct"": 0.05, ""stall_days"": 3, ""rearm"": 5, ""_feasible"": true, ""_n_feasible"": 5, ""_score"": 1.3975}","{""pct_rank"": 0.036, ""window"": 250.0, ""days_since_min"": 22.0}"
2026-01-20,KGS,ml_localmin,"ml_localmin(fp_cost=3.0,gate_pct=0.2,gate_window=120,h=10,min_pos_rate=0.25,rearm=5,seed=0,tol_bps=10.0)",BUY_NOW,down,0.07211755168518769,medium,10,0.889934,"{""h"": 10, ""tol_bps"": 10.0, ""gate_window"": 120, ""gate_pct"": 0.2, ""fp_cost"": 3.0, ""min_pos_rate"": 0.25, ""rearm"": 5, ""seed"": 0, ""threshold"": 0.0603, ""_fitted"": true, ""_pos_rate_val"": 0.26}","{""proba"": 0.07211755168518769, ""pct_rank"": 0.08333333333333333, ""window"": 120.0}"
2026-01-27,KGS,reversal,"reversal(max_days_since_min=5,rearm=3,rise_bps=20,window=120)",WINDOW_CLOSING,up,1.0,slow,10,0.875389,"{""window"": 120, ""rise_bps"": 20, ""max_days_since_min"": 5, ""rearm"": 3, ""_feasible"": true, ""_n_feasible"": 18, ""_score"": 1.3149}","{""rise_pct"": 0.8268736826343881, ""min_rate"": 0.86821, ""days_since_min"": 2.0, ""window"": 120.0}"
2026-01-28,KGS,level,"level(pct=0.05,rearm=5,stall_days=3,window=250)",BUY_NOW,down,0.6000000000000001,medium,10,0.872112,"{""window"": 250, ""pct"": 0.05, ""stall_days"": 3, ""rearm"": 5, ""_feasible"": true, ""_n_feasible"": 5, ""_score"": 1.3975}","{""pct_rank"": 0.02, ""window"": 250.0, ""days_since_min"": 3.0}"
2026-01-28,KGS,ml_localmin,"ml_localmin(fp_cost=3.0,gate_pct=0.2,gate_window=120,h=10,min_pos_rate=0.25,rearm=5,seed=0,tol_bps=10.0)",BUY_NOW,down,0.07794933483719263,medium,10,0.872112,"{""h"": 10, ""tol_bps"": 10.0, ""gate_window"": 120, ""gate_pct"": 0.2, ""fp_cost"": 3.0, ""min_pos_rate"": 0.25, ""rearm"": 5, ""seed"": 0, ""threshold"": 0.0603, ""_fitted"": true, ""_pos_rate_val"": 0.26}","{""proba"": 0.07794933483719263, ""pct_rank"": 0.041666666666666664, ""window"": 120.0}"
2026-02-02,KGS,reversal,"reversal(max_days_since_min=5,rearm=3,rise_bps=20,window=120)",WINDOW_CLOSING,up,1.0,slow,10,0.880758,"{""window"": 120, ""rise_bps"": 20, ""max_days_since_min"": 5, ""rearm"": 3, ""_feasible"": true, ""_n_feasible"": 18, ""_score"": 1.3149}","{""rise_pct"": 1.7028652061001681, ""min_rate"": 0.866011, ""days_since_min"": 1.0, ""window"": 120.0}"
2026-02-04,KGS,level,"level(pct=0.05,rearm=5,stall_days=3,window=250)",BUY_NOW,down,0.20000000000000007,medium,10,0.879476,"{""window"": 250, ""pct"": 0.05, ""stall_days"": 3, ""rearm"": 5, ""_feasible"": true, ""_n_feasible"": 5, ""_score"": 1.3975}","{""pct_rank"": 0.04, ""window"": 250.0, ""days_since_min"": 3.0}"
2026-02-05,KGS,reversal,"reversal(max_days_since_min=5,rearm=3,rise_bps=20,window=120)",WINDOW_CLOSING,up,1.0,slow,10,0.875384,"{""window"": 120, ""rise_bps"": 20, ""max_days_since_min"": 5, ""rearm"": 3, ""_feasible"": true, ""_n_feasible"": 18, ""_score"": 1.3149}","{""rise_pct"": 1.0823188158118224, ""min_rate"": 0.866011, ""days_since_min"": 4.0, ""window"": 120.0}"
2026-02-16,KGS,level,"level(pct=0.05,rearm=5,stall_days=3,window=250)",BUY_NOW,down,0.20000000000000007,medium,10,0.876159,"{""window"": 250, ""pct"": 0.05, ""stall_days"": 3, ""rearm"": 5, ""_feasible"": true, ""_n_feasible"": 5, ""_score"": 1.3975}","{""pct_rank"": 0.04, ""window"": 250.0, ""days_since_min"": 11.0}"
2026-02-18,KGS,ml_localmin,"ml_localmin(fp_cost=3.0,gate_pct=0.2,gate_window=120,h=10,min_pos_rate=0.25,rearm=5,seed=0,tol_bps=10.0)",BUY_NOW,down,0.07364670621037347,medium,10,0.870811,"{""h"": 10, ""tol_bps"": 10.0, ""gate_window"": 120, ""gate_pct"": 0.2, ""fp_cost"": 3.0, ""min_pos_rate"": 0.25, ""rearm"": 5, ""seed"": 0, ""threshold"": 0.0603, ""_fitted"": true, ""_pos_rate_val"": 0.26}","{""proba"": 0.07364670621037347, ""pct_rank"": 0.058333333333333334, ""window"": 120.0}"
2026-02-24,KGS,level,"level(pct=0.05,rearm=5,stall_days=3,window=250)",BUY_NOW,down,0.040000000000000036,medium,10,0.87632,"{""window"": 250, ""pct"": 0.05, ""stall_days"": 3, ""rearm"": 5, ""_feasible"": true, ""_n_feasible"": 5, ""_score"": 1.3975}","{""pct_rank"": 0.048, ""window"": 250.0, ""days_since_min"": 16.0}"
2026-04-13,KGS,dip_vs_trend,"dip_vs_trend(pct=0.05,rearm=5,span=40,window=120)",BUY_NOW,down,0.0,medium,10,0.871914,"{""span"": 40, ""window"": 120, ""pct"": 0.05, ""rearm"": 5, ""_feasible"": true, ""_n_feasible"": 9, ""_score"": 1.1829}","{""dev_pct"": -3.6795154425002585, ""pct_rank"": 0.05, ""window"": 120.0, ""span"": 40.0}"
2026-04-13,KGS,level,"level(pct=0.05,rearm=5,stall_days=3,window=250)",BUY_NOW,down,0.36,medium,10,0.871914,"{""window"": 250, ""pct"": 0.05, ""stall_days"": 3, ""rearm"": 5, ""_feasible"": true, ""_n_feasible"": 5, ""_score"": 1.3975}","{""pct_rank"": 0.032, ""window"": 250.0, ""days_since_min"": 49.0}"
2026-04-14,KGS,ml_localmin,"ml_localmin(fp_cost=3.0,gate_pct=0.2,gate_window=120,h=10,min_pos_rate=0.25,rearm=5,seed=0,tol_bps=10.0)",BUY_NOW,down,0.08168432003895641,medium,10,0.867389,"{""h"": 10, ""tol_bps"": 10.0, ""gate_window"": 120, ""gate_pct"": 0.2, ""fp_cost"": 3.0, ""min_pos_rate"": 0.25, ""rearm"": 5, ""seed"": 0, ""threshold"": 0.0603, ""_fitted"": true, ""_pos_rate_val"": 0.26}","{""proba"": 0.08168432003895641, ""pct_rank"": 0.016666666666666666, ""window"": 120.0}"
2026-04-15,KGS,momentum,"momentum(n=6,rearm=2)",BUY_NOW,down,0.5,fast,10,0.860316,"{""n"": 6, ""rearm"": 2, ""_feasible"": true, ""_n_feasible"": 3, ""_score"": 1.479}","{""streak"": 6.0, ""drop_pct"": -4.463470699936711}"
2026-04-16,KGS,reversal,"reversal(max_days_since_min=5,rearm=3,rise_bps=20,window=120)",WINDOW_CLOSING,up,1.0,slow,10,0.870053,"{""window"": 120, ""rise_bps"": 20, ""max_days_since_min"": 5, ""rearm"": 3, ""_feasible"": true, ""_n_feasible"": 18, ""_score"": 1.3149}","{""rise_pct"": 1.1317934340405067, ""min_rate"": 0.860316, ""days_since_min"": 1.0, ""window"": 120.0}"
2026-04-20,KGS,dip_vs_trend,"dip_vs_trend(pct=0.05,rearm=5,span=40,window=120)",BUY_NOW,down,0.5,medium,10,0.860343,"{""span"": 40, ""window"": 120, ""pct"": 0.05, ""rearm"": 5, ""_feasible"": true, ""_n_feasible"": 9, ""_score"": 1.1829}","{""dev_pct"": -4.811010811896443, ""pct_rank"": 0.025, ""window"": 120.0, ""span"": 40.0}"
2026-04-20,KGS,level,"level(pct=0.05,rearm=5,stall_days=3,window=250)",BUY_NOW,down,0.84,medium,10,0.860343,"{""window"": 250, ""pct"": 0.05, ""stall_days"": 3, ""rearm"": 5, ""_feasible"": true, ""_n_feasible"": 5, ""_score"": 1.3975}","{""pct_rank"": 0.008, ""window"": 250.0, ""days_since_min"": 3.0}"
2026-04-21,KGS,ml_localmin,"ml_localmin(fp_cost=3.0,gate_pct=0.2,gate_window=120,h=10,min_pos_rate=0.25,rearm=5,seed=0,tol_bps=10.0)",BUY_NOW,down,0.11246727165524759,medium,10,0.852956,"{""h"": 10, ""tol_bps"": 10.0, ""gate_window"": 120, ""gate_pct"": 0.2, ""fp_cost"": 3.0, ""min_pos_rate"": 0.25, ""rearm"": 5, ""seed"": 0, ""threshold"": 0.0603, ""_fitted"": true, ""_pos_rate_val"": 0.26}","{""proba"": 0.11246727165524759, ""pct_rank"": 0.008333333333333333, ""window"": 120.0}"
2026-04-22,KGS,reversal,"reversal(max_days_since_min=5,rearm=3,rise_bps=20,window=120)",WINDOW_CLOSING,up,1.0,slow,10,0.857849,"{""window"": 120, ""rise_bps"": 20, ""max_days_since_min"": 5, ""rearm"": 3, ""_feasible"": true, ""_n_feasible"": 18, ""_score"": 1.3149}","{""rise_pct"": 0.5736520992876359, ""min_rate"": 0.852956, ""days_since_min"": 1.0, ""window"": 120.0}"
2026-04-24,KGS,seasonality,"seasonality(from_day=24,min_share=0.5,min_years=3,rearm=20)",BUY_NOW,down,0.5454545454545454,slow,10,0.864125,"{""min_share"": 0.5, ""min_years"": 3, ""from_day"": 24, ""rearm"": 20, ""_feasible"": true, ""_n_feasible"": 8, ""_score"": 1.0962}","{""k_years"": 6.0, ""n_years"": 11.0, ""target_month"": 5.0}"
2026-04-27,KGS,dip_vs_trend,"dip_vs_trend(pct=0.05,rearm=5,span=40,window=120)",BUY_NOW,down,0.5,medium,10,0.855627,"{""span"": 40, ""window"": 120, ""pct"": 0.05, ""rearm"": 5, ""_feasible"": true, ""_n_feasible"": 9, ""_score"": 1.1829}","{""dev_pct"": -5.0510187634284165, ""pct_rank"": 0.025, ""window"": 120.0, ""span"": 40.0}"
2026-04-27,KGS,level,"level(pct=0.05,rearm=5,stall_days=3,window=250)",BUY_NOW,down,0.84,medium,10,0.855627,"{""window"": 250, ""pct"": 0.05, ""stall_days"": 3, ""rearm"": 5, ""_feasible"": true, ""_n_feasible"": 5, ""_score"": 1.3975}","{""pct_rank"": 0.008, ""window"": 250.0, ""days_since_min"": 4.0}"
2026-04-27,KGS,reversal,"reversal(max_days_since_min=5,rearm=3,rise_bps=20,window=120)",WINDOW_CLOSING,up,0.7828657046787812,slow,10,0.855627,"{""window"": 120, ""rise_bps"": 20, ""max_days_since_min"": 5, ""rearm"": 3, ""_feasible"": true, ""_n_feasible"": 18, ""_score"": 1.3149}","{""rise_pct"": 0.3131462818715125, ""min_rate"": 0.852956, ""days_since_min"": 4.0, ""window"": 120.0}"
2026-05-05,KGS,level,"level(pct=0.05,rearm=5,stall_days=3,window=250)",BUY_NOW,down,0.20000000000000007,medium,10,0.861866,"{""window"": 250, ""pct"": 0.05, ""stall_days"": 3, ""rearm"": 5, ""_feasible"": true, ""_n_feasible"": 5, ""_score"": 1.3975}","{""pct_rank"": 0.04, ""window"": 250.0, ""days_since_min"": 9.0}"
2026-05-08,KGS,ml_localmin,"ml_localmin(fp_cost=3.0,gate_pct=0.2,gate_window=120,h=10,min_pos_rate=0.25,rearm=5,seed=0,tol_bps=10.0)",BUY_NOW,down,0.23743186731866578,medium,10,0.849873,"{""h"": 10, ""tol_bps"": 10.0, ""gate_window"": 120, ""gate_pct"": 0.2, ""fp_cost"": 3.0, ""min_pos_rate"": 0.25, ""rearm"": 5, ""seed"": 0, ""threshold"": 0.0603, ""_fitted"": true, ""_pos_rate_val"": 0.26}","{""proba"": 0.23743186731866578, ""pct_rank"": 0.008333333333333333, ""window"": 120.0}"
2026-05-12,KGS,dip_vs_trend,"dip_vs_trend(pct=0.05,rearm=5,span=40,window=120)",BUY_NOW,down,0.6666666666666667,medium,10,0.843771,"{""span"": 40, ""window"": 120, ""pct"": 0.05, ""rearm"": 5, ""_feasible"": true, ""_n_feasible"": 9, ""_score"": 1.1829}","{""dev_pct"": -5.353079750959433, ""pct_rank"": 0.016666666666666666, ""window"": 120.0, ""span"": 40.0}"
2026-05-13,KGS,momentum,"momentum(n=6,rearm=2)",BUY_NOW,down,0.5,fast,10,0.838674,"{""n"": 6, ""rearm"": 2, ""_feasible"": true, ""_n_feasible"": 3, ""_score"": 1.479}","{""streak"": 6.0, ""drop_pct"": -2.812239988319021}"
2026-05-15,KGS,momentum,"momentum(n=6,rearm=2)",BUY_NOW,down,0.6666666666666666,fast,10,0.836221,"{""n"": 6, ""rearm"": 2, ""_feasible"": true, ""_n_feasible"": 3, ""_score"": 1.479}","{""streak"": 8.0, ""drop_pct"": -3.096500112406164}"
2026-05-18,KGS,ml_localmin,"ml_localmin(fp_cost=3.0,gate_pct=0.2,gate_window=120,h=10,min_pos_rate=0.25,rearm=5,seed=0,tol_bps=10.0)",BUY_NOW,down,0.24015467938915985,medium,10,0.827326,"{""h"": 10, ""tol_bps"": 10.0, ""gate_window"": 120, ""gate_pct"": 0.2, ""fp_cost"": 3.0, ""min_pos_rate"": 0.25, ""rearm"": 5, ""seed"": 0, ""threshold"": 0.0603, ""_fitted"": true, ""_pos_rate_val"": 0.26}","{""proba"": 0.24015467938915985, ""pct_rank"": 0.008333333333333333, ""window"": 120.0}"
2026-05-19,KGS,dip_vs_trend,"dip_vs_trend(pct=0.05,rearm=5,span=40,window=120)",BUY_NOW,down,0.8333333333333334,medium,10,0.815238,"{""span"": 40, ""window"": 120, ""pct"": 0.05, ""rearm"": 5, ""_feasible"": true, ""_n_feasible"": 9, ""_score"": 1.1829}","{""dev_pct"": -7.012710702646652, ""pct_rank"": 0.008333333333333333, ""window"": 120.0, ""span"": 40.0}"
2026-05-19,KGS,momentum,"momentum(n=6,rearm=2)",BUY_NOW,down,0.8333333333333334,fast,10,0.815238,"{""n"": 6, ""rearm"": 2, ""_feasible"": true, ""_n_feasible"": 3, ""_score"": 1.479}","{""streak"": 10.0, ""drop_pct"": -5.528065617387956}"
2026-05-21,KGS,momentum,"momentum(n=6,rearm=2)",BUY_NOW,down,1.0,fast,10,0.809493,"{""n"": 6, ""rearm"": 2, ""_feasible"": true, ""_n_feasible"": 3, ""_score"": 1.479}","{""streak"": 12.0, ""drop_pct"": -6.19381140331563}"
2026-05-22,KGS,reversal,"reversal(max_days_since_min=5,rearm=3,rise_bps=20,window=120)",WINDOW_CLOSING,up,1.0,slow,10,0.814282,"{""window"": 120, ""rise_bps"": 20, ""max_days_since_min"": 5, ""rearm"": 3, ""_feasible"": true, ""_n_feasible"": 18, ""_score"": 1.3149}","{""rise_pct"": 0.5916048687264697, ""min_rate"": 0.809493, ""days_since_min"": 1.0, ""window"": 120.0}"
2026-05-26,KGS,level,"level(pct=0.05,rearm=5,stall_days=3,window=250)",BUY_NOW,down,0.52,medium,10,0.819531,"{""window"": 250, ""pct"": 0.05, ""stall_days"": 3, ""rearm"": 5, ""_feasible"": true, ""_n_feasible"": 5, ""_score"": 1.3975}","{""pct_rank"": 0.024, ""window"": 250.0, ""days_since_min"": 3.0}"
2026-05-28,KGS,reversal,"reversal(max_days_since_min=5,rearm=3,rise_bps=20,window=120)",WINDOW_CLOSING,up,1.0,slow,10,0.816141,"{""window"": 120, ""rise_bps"": 20, ""max_days_since_min"": 5, ""rearm"": 3, ""_feasible"": true, ""_n_feasible"": 18, ""_score"": 1.3149}","{""rise_pct"": 0.8212547854027141, ""min_rate"": 0.809493, ""days_since_min"": 5.0, ""window"": 120.0}"
2026-06-02,KGS,level,"level(pct=0.05,rearm=5,stall_days=3,window=250)",BUY_NOW,down,0.040000000000000036,medium,10,0.829728,"{""window"": 250, ""pct"": 0.05, ""stall_days"": 3, ""rearm"": 5, ""_feasible"": true, ""_n_feasible"": 5, ""_score"": 1.3975}","{""pct_rank"": 0.048, ""window"": 250.0, ""days_since_min"": 8.0}"
2026-06-09,KGS,level,"level(pct=0.05,rearm=5,stall_days=3,window=250)",BUY_NOW,down,0.1200000000000001,medium,10,0.820264,"{""window"": 250, ""pct"": 0.05, ""stall_days"": 3, ""rearm"": 5, ""_feasible"": true, ""_n_feasible"": 5, ""_score"": 1.3975}","{""pct_rank"": 0.044, ""window"": 250.0, ""days_since_min"": 13.0}"
2026-06-24,KGS,seasonality,"seasonality(from_day=24,min_share=0.5,min_years=3,rearm=20)",BUY_NOW,down,0.7272727272727273,slow,10,0.855046,"{""min_share"": 0.5, ""min_years"": 3, ""from_day"": 24, ""rearm"": 20, ""_feasible"": true, ""_n_feasible"": 8, ""_score"": 1.0962}","{""k_years"": 8.0, ""n_years"": 11.0, ""target_month"": 7.0}"
2021-01-20,KZT,seasonality,"seasonality(from_day=20,min_share=0.5,min_years=4,rearm=20)",BUY_NOW,down,0.6666666666666666,slow,0,0.175272,"{""min_share"": 0.5, ""min_years"": 4, ""from_day"": 20, ""rearm"": 20, ""_feasible"": true, ""_n_feasible"": 6, ""_score"": 1.4428}","{""k_years"": 4.0, ""n_years"": 6.0, ""target_month"": 2.0}"
2021-02-11,KZT,momentum,"momentum(n=6,rearm=2)",BUY_NOW,down,0.5,fast,0,0.176564,"{""n"": 6, ""rearm"": 2, ""_feasible"": true, ""_n_feasible"": 4, ""_score"": 0.9687}","{""streak"": 6.0, ""drop_pct"": -1.683306698146303}"
2021-02-15,KZT,momentum,"momentum(n=6,rearm=2)",BUY_NOW,down,0.6666666666666666,fast,0,0.175806,"{""n"": 6, ""rearm"": 2, ""_feasible"": true, ""_n_feasible"": 4, ""_score"": 0.9687}","{""streak"": 8.0, ""drop_pct"": -2.1053862473341622}"
2021-02-20,KZT,seasonality,"seasonality(from_day=20,min_share=0.5,min_years=4,rearm=20)",BUY_NOW,down,0.5,slow,0,0.177231,"{""min_share"": 0.5, ""min_years"": 4, ""from_day"": 20, ""rearm"": 20, ""_feasible"": true, ""_n_feasible"": 6, ""_score"": 1.4428}","{""k_years"": 3.0, ""n_years"": 6.0, ""target_month"": 3.0}"
2021-03-15,KZT,level,"level(pct=0.05,rearm=3,stall_days=3,window=120)",BUY_NOW,down,0.0,medium,0,0.174756,"{""window"": 120, ""pct"": 0.05, ""stall_days"": 3, ""rearm"": 3, ""_feasible"": true, ""_n_feasible"": 5, ""_score"": 1.161}","{""pct_rank"": 0.05, ""window"": 120.0, ""days_since_min"": 54.0}"
2021-04-20,KZT,seasonality,"seasonality(from_day=20,min_share=0.5,min_years=4,rearm=20)",BUY_NOW,down,0.6666666666666666,slow,0,0.176717,"{""min_share"": 0.5, ""min_years"": 4, ""from_day"": 20, ""rearm"": 20, ""_feasible"": true, ""_n_feasible"": 6, ""_score"": 1.4428}","{""k_years"": 4.0, ""n_years"": 6.0, ""target_month"": 5.0}"
2021-04-23,KZT,level,"level(pct=0.05,rearm=3,stall_days=3,window=120)",BUY_NOW,down,0.33333333333333337,medium,0,0.174361,"{""window"": 120, ""pct"": 0.05, ""stall_days"": 3, ""rearm"": 3, ""_feasible"": true, ""_n_feasible"": 5, ""_score"": 1.161}","{""pct_rank"": 0.03333333333333333, ""window"": 120.0, ""days_since_min"": 83.0}"
2021-05-04,KZT,reversal,"reversal(max_days_since_min=5,rearm=5,rise_bps=50,window=120)",WINDOW_CLOSING,up,0.951043962050302,slow,0,0.175462,"{""window"": 120, ""rise_bps"": 50, ""max_days_since_min"": 5, ""rearm"": 5, ""_feasible"": true, ""_n_feasible"": 15, ""_score"": 2.1956}","{""rise_pct"": 0.951043962050302, ""min_rate"": 0.173809, ""days_since_min"": 2.0, ""window"": 120.0}"
2021-05-14,KZT,dip_vs_trend,"dip_vs_trend(pct=0.05,rearm=3,span=80,window=250)",BUY_NOW,down,0.6000000000000001,medium,0,0.172626,"{""span"": 80, ""window"": 250, ""pct"": 0.05, ""rearm"": 3, ""_feasible"": true, ""_n_feasible"": 17, ""_score"": 2.0199}","{""dev_pct"": -2.3441441723021095, ""pct_rank"": 0.02, ""window"": 250.0, ""span"": 80.0}"
2021-05-19,KZT,dip_vs_trend,"dip_vs_trend(pct=0.05,rearm=3,span=80,window=250)",BUY_NOW,down,0.76,medium,0,0.172162,"{""span"": 80, ""window"": 250, ""pct"": 0.05, ""rearm"": 3, ""_feasible"": true, ""_n_feasible"": 17, ""_score"": 2.0199}","{""dev_pct"": -2.548933341805104, ""pct_rank"": 0.012, ""window"": 250.0, ""span"": 80.0}"
2021-05-24,KZT,dip_vs_trend,"dip_vs_trend(pct=0.05,rearm=3,span=80,window=250)",BUY_NOW,down,0.6000000000000001,medium,0,0.171809,"{""span"": 80, ""window"": 250, ""pct"": 0.05, ""rearm"": 3, ""_feasible"": true, ""_n_feasible"": 17, ""_score"": 2.0199}","{""dev_pct"": -2.618354940052925, ""pct_rank"": 0.02, ""window"": 250.0, ""span"": 80.0}"
2021-05-26,KZT,level,"level(pct=0.05,rearm=3,stall_days=3,window=120)",BUY_NOW,down,0.5,medium,0,0.171746,"{""window"": 120, ""pct"": 0.05, ""stall_days"": 3, ""rearm"": 3, ""_feasible"": true, ""_n_feasible"": 5, ""_score"": 1.161}","{""pct_rank"": 0.025, ""window"": 120.0, ""days_since_min"": 3.0}"
2021-05-27,KZT,dip_vs_trend,"dip_vs_trend(pct=0.05,rearm=3,span=80,window=250)",BUY_NOW,down,0.6799999999999999,medium,0,0.171289,"{""span"": 80, ""window"": 250, ""pct"": 0.05, ""rearm"": 3, ""_feasible"": true, ""_n_feasible"": 17, ""_score"": 2.0199}","{""dev_pct"": -2.759814516484993, ""pct_rank"": 0.016, ""window"": 250.0, ""span"": 80.0}"
2021-06-01,KZT,dip_vs_trend,"dip_vs_trend(pct=0.05,rearm=3,span=80,window=250)",BUY_NOW,down,0.44000000000000006,medium,0,0.171242,"{""span"": 80, ""window"": 250, ""pct"": 0.05, ""rearm"": 3, ""_feasible"": true, ""_n_feasible"": 17, ""_score"": 2.0199}","{""dev_pct"": -2.6277865657739152, ""pct_rank"": 0.028, ""window"": 250.0, ""span"": 80.0}"
2021-06-03,KZT,level,"level(pct=0.05,rearm=3,stall_days=3,window=120)",BUY_NOW,down,0.6666666666666667,medium,0,0.171055,"{""window"": 120, ""pct"": 0.05, ""stall_days"": 3, ""rearm"": 3, ""_feasible"": true, ""_n_feasible"": 5, ""_score"": 1.161}","{""pct_rank"": 0.016666666666666666, ""window"": 120.0, ""days_since_min"": 3.0}"
2021-06-04,KZT,dip_vs_trend,"dip_vs_trend(pct=0.05,rearm=3,span=80,window=250)",BUY_NOW,down,0.20000000000000007,medium,0,0.171039,"{""span"": 80, ""window"": 250, ""pct"": 0.05, ""rearm"": 3, ""_feasible"": true, ""_n_feasible"": 17, ""_score"": 2.0199}","{""dev_pct"": -2.5911675459938333, ""pct_rank"": 0.04, ""window"": 250.0, ""span"": 80.0}"
2021-06-09,KZT,dip_vs_trend,"dip_vs_trend(pct=0.05,rearm=3,span=80,window=250)",BUY_NOW,down,0.92,medium,0,0.168814,"{""span"": 80, ""window"": 250, ""pct"": 0.05, ""rearm"": 3, ""_feasible"": true, ""_n_feasible"": 17, ""_score"": 2.0199}","{""dev_pct"": -3.7160085952572253, ""pct_rank"": 0.004, ""window"": 250.0, ""span"": 80.0}"
2021-06-15,KZT,dip_vs_trend,"dip_vs_trend(pct=0.05,rearm=3,span=80,window=250)",BUY_NOW,down,0.84,medium,0,0.168305,"{""span"": 80, ""window"": 250, ""pct"": 0.05, ""rearm"": 3, ""_feasible"": true, ""_n_feasible"": 17, ""_score"": 2.0199}","{""dev_pct"": -3.8478361514111548, ""pct_rank"": 0.008, ""window"": 250.0, ""span"": 80.0}"
2021-06-16,KZT,reversal,"reversal(max_days_since_min=5,rearm=5,rise_bps=50,window=120)",WINDOW_CLOSING,up,0.7557335621990235,slow,0,0.169052,"{""window"": 120, ""rise_bps"": 50, ""max_days_since_min"": 5, ""rearm"": 5, ""_feasible"": true, ""_n_feasible"": 15, ""_score"": 2.1956}","{""rise_pct"": 0.7557335621990235, ""min_rate"": 0.167784, ""days_since_min"": 2.0, ""window"": 120.0}"
2021-06-17,KZT,level,"level(pct=0.05,rearm=3,stall_days=3,window=120)",BUY_NOW,down,0.0,medium,0,0.169505,"{""window"": 120, ""pct"": 0.05, ""stall_days"": 3, ""rearm"": 3, ""_feasible"": true, ""_n_feasible"": 5, ""_score"": 1.161}","{""pct_rank"": 0.05, ""window"": 120.0, ""days_since_min"": 3.0}"
2021-06-18,KZT,dip_vs_trend,"dip_vs_trend(pct=0.05,rearm=3,span=80,window=250)",BUY_NOW,down,0.6000000000000001,medium,0,0.168527,"{""span"": 80, ""window"": 250, ""pct"": 0.05, ""rearm"": 3, ""_feasible"": true, ""_n_feasible"": 17, ""_score"": 2.0199}","{""dev_pct"": -3.5549059510537995, ""pct_rank"": 0.02, ""window"": 250.0, ""span"": 80.0}"
2021-06-21,KZT,seasonality,"seasonality(from_day=20,min_share=0.5,min_years=4,rearm=20)",BUY_NOW,down,0.5,slow,0,0.171027,"{""min_share"": 0.5, ""min_years"": 4, ""from_day"": 20, ""rearm"": 20, ""_feasible"": true, ""_n_feasible"": 6, ""_score"": 1.4428}","{""k_years"": 3.0, ""n_years"": 6.0, ""target_month"": 7.0}"
2021-06-24,KZT,dip_vs_trend,"dip_vs_trend(pct=0.05,rearm=3,span=80,window=250)",BUY_NOW,down,0.44000000000000006,medium,0,0.168673,"{""span"": 80, ""window"": 250, ""pct"": 0.05, ""rearm"": 3, ""_feasible"": true, ""_n_feasible"": 17, ""_score"": 2.0199}","{""dev_pct"": -3.270726897493992, ""pct_rank"": 0.028, ""window"": 250.0, ""span"": 80.0}"
2021-06-24,KZT,level,"level(pct=0.05,rearm=3,stall_days=3,window=120)",BUY_NOW,down,0.33333333333333337,medium,0,0.168673,"{""window"": 120, ""pct"": 0.05, ""stall_days"": 3, ""rearm"": 3, ""_feasible"": true, ""_n_feasible"": 5, ""_score"": 1.161}","{""pct_rank"": 0.03333333333333333, ""window"": 120.0, ""days_since_min"": 8.0}"
2021-06-29,KZT,dip_vs_trend,"dip_vs_trend(pct=0.05,rearm=3,span=80,window=250)",BUY_NOW,down,0.1200000000000001,medium,0,0.168899,"{""span"": 80, ""window"": 250, ""pct"": 0.05, ""rearm"": 3, ""_feasible"": true, ""_n_feasible"": 17, ""_score"": 2.0199}","{""dev_pct"": -2.9851276727443254, ""pct_rank"": 0.044, ""window"": 250.0, ""span"": 80.0}"
2021-07-20,KZT,seasonality,"seasonality(from_day=20,min_share=0.5,min_years=4,rearm=20)",BUY_NOW,down,0.8333333333333334,slow,1,0.173843,"{""min_share"": 0.5, ""min_years"": 4, ""from_day"": 20, ""rearm"": 20, ""_feasible"": true, ""_n_feasible"": 6, ""_score"": 1.4428}","{""k_years"": 5.0, ""n_years"": 6.0, ""target_month"": 8.0}"
2021-09-02,KZT,ml_localmin,"ml_localmin(fp_cost=3.0,gate_pct=0.2,gate_window=120,h=10,min_pos_rate=0.25,rearm=5,seed=0,tol_bps=10.0)",BUY_NOW,down,0.08085522806779645,medium,1,0.170905,"{""h"": 10, ""tol_bps"": 10.0, ""gate_window"": 120, ""gate_pct"": 0.2, ""fp_cost"": 3.0, ""min_pos_rate"": 0.25, ""rearm"": 5, ""seed"": 0, ""threshold"": 0.0745, ""_fitted"": true, ""_pos_rate_val"": 0.417}","{""proba"": 0.08085522806779645, ""pct_rank"": 0.14166666666666666, ""window"": 120.0}"
2021-10-08,KZT,ml_localmin,"ml_localmin(fp_cost=3.0,gate_pct=0.2,gate_window=120,h=10,min_pos_rate=0.25,rearm=5,seed=0,tol_bps=10.0)",BUY_NOW,down,0.18279225842425398,medium,1,0.169245,"{""h"": 10, ""tol_bps"": 10.0, ""gate_window"": 120, ""gate_pct"": 0.2, ""fp_cost"": 3.0, ""min_pos_rate"": 0.25, ""rearm"": 5, ""seed"": 0, ""threshold"": 0.0745, ""_fitted"": true, ""_pos_rate_val"": 0.417}","{""proba"": 0.18279225842425398, ""pct_rank"": 0.08333333333333333, ""window"": 120.0}"
2021-10-11,KZT,level,"level(pct=0.05,rearm=3,stall_days=3,window=120)",BUY_NOW,down,0.33333333333333337,medium,1,0.168558,"{""window"": 120, ""pct"": 0.05, ""stall_days"": 3, ""rearm"": 3, ""_feasible"": true, ""_n_feasible"": 5, ""_score"": 1.161}","{""pct_rank"": 0.03333333333333333, ""window"": 120.0, ""days_since_min"": 85.0}"
2021-10-14,KZT,level,"level(pct=0.05,rearm=3,stall_days=3,window=120)",BUY_NOW,down,0.5,medium,1,0.168489,"{""window"": 120, ""pct"": 0.05, ""stall_days"": 3, ""rearm"": 3, ""_feasible"": true, ""_n_feasible"": 5, ""_score"": 1.161}","{""pct_rank"": 0.025, ""window"": 120.0, ""days_since_min"": 88.0}"
2021-10-15,KZT,ml_localmin,"ml_localmin(fp_cost=3.0,gate_pct=0.2,gate_window=120,h=10,min_pos_rate=0.25,rearm=5,seed=0,tol_bps=10.0)",BUY_NOW,down,0.32954083657371674,medium,1,0.167223,"{""h"": 10, ""tol_bps"": 10.0, ""gate_window"": 120, ""gate_pct"": 0.2, ""fp_cost"": 3.0, ""min_pos_rate"": 0.25, ""rearm"": 5, ""seed"": 0, ""threshold"": 0.0745, ""_fitted"": true, ""_pos_rate_val"": 0.417}","{""proba"": 0.32954083657371674, ""pct_rank"": 0.008333333333333333, ""window"": 120.0}"
2021-10-19,KZT,dip_vs_trend,"dip_vs_trend(pct=0.05,rearm=5,span=80,window=250)",BUY_NOW,down,0.040000000000000036,medium,1,0.166708,"{""span"": 80, ""window"": 250, ""pct"": 0.05, ""rearm"": 5, ""_feasible"": true, ""_n_feasible"": 13, ""_score"": 1.9237}","{""dev_pct"": -2.946709704950612, ""pct_rank"": 0.048, ""window"": 250.0, ""span"": 80.0}"
2021-10-20,KZT,seasonality,"seasonality(from_day=20,min_share=0.5,min_years=4,rearm=20)",BUY_NOW,down,0.5,slow,1,0.16668,"{""min_share"": 0.5, ""min_years"": 4, ""from_day"": 20, ""rearm"": 20, ""_feasible"": true, ""_n_feasible"": 6, ""_score"": 1.4428}","{""k_years"": 3.0, ""n_years"": 6.0, ""target_month"": 11.0}"
2021-10-25,KZT,ml_localmin,"ml_localmin(fp_cost=3.0,gate_pct=0.2,gate_window=120,h=10,min_pos_rate=0.25,rearm=5,seed=0,tol_bps=10.0)",BUY_NOW,down,0.2207279332553142,medium,1,0.164945,"{""h"": 10, ""tol_bps"": 10.0, ""gate_window"": 120, ""gate_pct"": 0.2, ""fp_cost"": 3.0, ""min_pos_rate"": 0.25, ""rearm"": 5, ""seed"": 0, ""threshold"": 0.0745, ""_fitted"": true, ""_pos_rate_val"": 0.417}","{""proba"": 0.2207279332553142, ""pct_rank"": 0.008333333333333333, ""window"": 120.0}"
2021-10-26,KZT,dip_vs_trend,"dip_vs_trend(pct=0.05,rearm=5,span=80,window=250)",BUY_NOW,down,0.92,medium,1,0.163365,"{""span"": 80, ""window"": 250, ""pct"": 0.05, ""rearm"": 5, ""_feasible"": true, ""_n_feasible"": 13, ""_score"": 1.9237}","{""dev_pct"": -4.69425218656947, ""pct_rank"": 0.004, ""window"": 250.0, ""span"": 80.0}"
2021-10-26,KZT,momentum,"momentum(n=6,rearm=2)",BUY_NOW,down,0.5,fast,1,0.163365,"{""n"": 6, ""rearm"": 2, ""_feasible"": true, ""_n_feasible"": 4, ""_score"": 0.9687}","{""streak"": 6.0, ""drop_pct"": -2.3205338244262963}"
2021-10-28,KZT,reversal,"reversal(max_days_since_min=5,rearm=5,rise_bps=50,window=120)",WINDOW_CLOSING,up,0.9647109233924089,slow,1,0.164941,"{""window"": 120, ""rise_bps"": 50, ""max_days_since_min"": 5, ""rearm"": 5, ""_feasible"": true, ""_n_feasible"": 17, ""_score"": 2.1956}","{""rise_pct"": 0.9647109233924089, ""min_rate"": 0.163365, ""days_since_min"": 2.0, ""window"": 120.0}"
2021-10-29,KZT,level,"level(pct=0.05,rearm=3,stall_days=3,window=120)",BUY_NOW,down,0.5,medium,1,0.16494,"{""window"": 120, ""pct"": 0.05, ""stall_days"": 3, ""rearm"": 3, ""_feasible"": true, ""_n_feasible"": 5, ""_score"": 1.161}","{""pct_rank"": 0.025, ""window"": 120.0, ""days_since_min"": 3.0}"
2021-11-09,KZT,level,"level(pct=0.05,rearm=3,stall_days=3,window=120)",BUY_NOW,down,0.0,medium,1,0.165995,"{""window"": 120, ""pct"": 0.05, ""stall_days"": 3, ""rearm"": 3, ""_feasible"": true, ""_n_feasible"": 5, ""_score"": 1.161}","{""pct_rank"": 0.05, ""window"": 120.0, ""days_since_min"": 8.0}"
2021-11-10,KZT,dip_vs_trend,"dip_vs_trend(pct=0.05,rearm=5,span=80,window=250)",BUY_NOW,down,0.040000000000000036,medium,1,0.164867,"{""span"": 80, ""window"": 250, ""pct"": 0.05, ""rearm"": 5, ""_feasible"": true, ""_n_feasible"": 13, ""_score"": 1.9237}","{""dev_pct"": -3.307498541111331, ""pct_rank"": 0.048, ""window"": 250.0, ""span"": 80.0}"
2022-01-20,KZT,seasonality,"seasonality(from_day=20,min_share=0.5,min_years=4,rearm=20)",BUY_NOW,down,0.7142857142857143,slow,2,0.175323,"{""min_share"": 0.5, ""min_years"": 4, ""from_day"": 20, ""rearm"": 20, ""_feasible"": true, ""_n_feasible"": 6, ""_score"": 1.1273}","{""k_years"": 5.0, ""n_years"": 7.0, ""target_month"": 2.0}"
2022-03-17,KZT,momentum,"momentum(n=5,rearm=2)",BUY_NOW,down,0.5,fast,2,0.206141,"{""n"": 5, ""rearm"": 2, ""_feasible"": true, ""_n_feasible"": 4, ""_score"": 1.001}","{""streak"": 5.0, ""drop_pct"": -10.949595659386235}"
2022-04-01,KZT,dip_vs_trend,"dip_vs_trend(pct=0.05,rearm=5,span=80,window=250)",BUY_NOW,down,0.6799999999999999,medium,2,0.175449,"{""span"": 80, ""window"": 250, ""pct"": 0.05, ""rearm"": 5, ""_feasible"": true, ""_n_feasible"": 10, ""_score"": 1.4185}","{""dev_pct"": -4.0162284344722465, ""pct_rank"": 0.016, ""window"": 250.0, ""span"": 80.0}"
2022-04-07,KZT,ml_localmin,"ml_localmin(fp_cost=3.0,gate_pct=0.2,gate_window=120,h=10,min_pos_rate=0.25,rearm=5,seed=0,tol_bps=10.0)",BUY_NOW,down,0.5332149488049862,medium,2,0.164975,"{""h"": 10, ""tol_bps"": 10.0, ""gate_window"": 120, ""gate_pct"": 0.2, ""fp_cost"": 3.0, ""min_pos_rate"": 0.25, ""rearm"": 5, ""seed"": 0, ""threshold"": 0.0001, ""_fitted"": true, ""_pos_rate_val"": 1.0}","{""proba"": 0.5332149488049862, ""pct_rank"": 0.058333333333333334, ""window"": 120.0}"
2022-04-08,KZT,dip_vs_trend,"dip_vs_trend(pct=0.05,rearm=5,span=80,window=250)",BUY_NOW,down,0.92,medium,2,0.163118,"{""span"": 80, ""window"": 250, ""pct"": 0.05, ""rearm"": 5, ""_feasible"": true, ""_n_feasible"": 10, ""_score"": 1.4185}","{""dev_pct"": -10.860529267998286, ""pct_rank"": 0.004, ""window"": 250.0, ""span"": 80.0}"
2022-04-11,KZT,reversal,"reversal(max_days_since_min=5,rearm=5,rise_bps=50,window=120)",WINDOW_CLOSING,up,1.0,slow,2,0.177134,"{""window"": 120, ""rise_bps"": 50, ""max_days_since_min"": 5, ""rearm"": 5, ""_feasible"": true, ""_n_feasible"": 17, ""_score"": 2.1956}","{""rise_pct"": 8.59255263061096, ""min_rate"": 0.163118, ""days_since_min"": 1.0, ""window"": 120.0}"
2022-04-18,KZT,dip_vs_trend,"dip_vs_trend(pct=0.05,rearm=5,span=80,window=250)",BUY_NOW,down,0.76,medium,2,0.174902,"{""span"": 80, ""window"": 250, ""pct"": 0.05, ""rearm"": 5, ""_feasible"": true, ""_n_feasible"": 10, ""_score"": 1.4185}","{""dev_pct"": -4.776319464445056, ""pct_rank"": 0.012, ""window"": 250.0, ""span"": 80.0}"
2022-04-20,KZT,seasonality,"seasonality(from_day=20,min_share=0.5,min_years=4,rearm=20)",BUY_NOW,down,0.5714285714285714,slow,2,0.173774,"{""min_share"": 0.5, ""min_years"": 4, ""from_day"": 20, ""rearm"": 20, ""_feasible"": true, ""_n_feasible"": 6, ""_score"": 1.1273}","{""k_years"": 4.0, ""n_years"": 7.0, ""target_month"": 5.0}"
2022-04-22,KZT,ml_localmin,"ml_localmin(fp_cost=3.0,gate_pct=0.2,gate_window=120,h=10,min_pos_rate=0.25,rearm=5,seed=0,tol_bps=10.0)",BUY_NOW,down,0.14948462036709034,medium,2,0.165537,"{""h"": 10, ""tol_bps"": 10.0, ""gate_window"": 120, ""gate_pct"": 0.2, ""fp_cost"": 3.0, ""min_pos_rate"": 0.25, ""rearm"": 5, ""seed"": 0, ""threshold"": 0.0001, ""_fitted"": true, ""_pos_rate_val"": 1.0}","{""proba"": 0.14948462036709034, ""pct_rank"": 0.075, ""window"": 120.0}"
2022-04-25,KZT,dip_vs_trend,"dip_vs_trend(pct=0.05,rearm=5,span=80,window=250)",BUY_NOW,down,0.84,medium,2,0.165231,"{""span"": 80, ""window"": 250, ""pct"": 0.05, ""rearm"": 5, ""_feasible"": true, ""_n_feasible"": 10, ""_score"": 1.4185}","{""dev_pct"": -10.077780099788402, ""pct_rank"": 0.008, ""window"": 250.0, ""span"": 80.0}"
2022-04-26,KZT,momentum,"momentum(n=5,rearm=2)",BUY_NOW,down,0.5,fast,2,0.162203,"{""n"": 5, ""rearm"": 2, ""_feasible"": true, ""_n_feasible"": 4, ""_score"": 1.001}","{""streak"": 5.0, ""drop_pct"": -7.670283131638556}"
2022-04-29,KZT,ml_localmin,"ml_localmin(fp_cost=3.0,gate_pct=0.2,gate_window=120,h=10,min_pos_rate=0.25,rearm=5,seed=0,tol_bps=10.0)",BUY_NOW,down,0.7358243542523717,medium,2,0.158362,"{""h"": 10, ""tol_bps"": 10.0, ""gate_window"": 120, ""gate_pct"": 0.2, ""fp_cost"": 3.0, ""min_pos_rate"": 0.25, ""rearm"": 5, ""seed"": 0, ""threshold"": 0.0001, ""_fitted"": true, ""_pos_rate_val"": 1.0}","{""proba"": 0.7358243542523717, ""pct_rank"": 0.008333333333333333, ""window"": 120.0}"
2022-05-04,KZT,dip_vs_trend,"dip_vs_trend(pct=0.05,rearm=5,span=80,window=250)",BUY_NOW,down,0.92,medium,2,0.157178,"{""span"": 80, ""window"": 250, ""pct"": 0.05, ""rearm"": 5, ""_feasible"": true, ""_n_feasible"": 10, ""_score"": 1.4185}","{""dev_pct"": -14.195998964967194, ""pct_rank"": 0.004, ""window"": 250.0, ""span"": 80.0}"
2022-05-06,KZT,reversal,"reversal(max_days_since_min=5,rearm=5,rise_bps=50,window=120)",WINDOW_CLOSING,up,1.0,slow,2,0.157514,"{""window"": 120, ""rise_bps"": 50, ""max_days_since_min"": 5, ""rearm"": 5, ""_feasible"": true, ""_n_feasible"": 17, ""_score"": 2.1956}","{""rise_pct"": 3.883239022331253, ""min_rate"": 0.151626, ""days_since_min"": 1.0, ""window"": 120.0}"
2022-05-12,KZT,ml_localmin,"ml_localmin(fp_cost=3.0,gate_pct=0.2,gate_window=120,h=10,min_pos_rate=0.25,rearm=5,seed=0,tol_bps=10.0)",BUY_NOW,down,0.6032237585350403,medium,2,0.148645,"{""h"": 10, ""tol_bps"": 10.0, ""gate_window"": 120, ""gate_pct"": 0.2, ""fp_cost"": 3.0, ""min_pos_rate"": 0.25, ""rearm"": 5, ""seed"": 0, ""threshold"": 0.0001, ""_fitted"": true, ""_pos_rate_val"": 1.0}","{""proba"": 0.6032237585350403, ""pct_rank"": 0.008333333333333333, ""window"": 120.0}"
2022-05-13,KZT,dip_vs_trend,"dip_vs_trend(pct=0.05,rearm=5,span=80,window=250)",BUY_NOW,down,0.92,medium,2,0.146701,"{""span"": 80, ""window"": 250, ""pct"": 0.05, ""rearm"": 5, ""_feasible"": true, ""_n_feasible"": 10, ""_score"": 1.4185}","{""dev_pct"": -19.403590636211455, ""pct_rank"": 0.004, ""window"": 250.0, ""span"": 80.0}"
2022-05-17,KZT,reversal,"reversal(max_days_since_min=5,rearm=5,rise_bps=50,window=120)",WINDOW_CLOSING,up,0.8323051649272939,slow,2,0.147922,"{""window"": 120, ""rise_bps"": 50, ""max_days_since_min"": 5, ""rearm"": 5, ""_feasible"": true, ""_n_feasible"": 17, ""_score"": 2.1956}","{""rise_pct"": 0.8323051649272939, ""min_rate"": 0.146701, ""days_since_min"": 2.0, ""window"": 120.0}"
2022-05-18,KZT,level,"level(pct=0.05,rearm=3,stall_days=3,window=120)",BUY_NOW,down,0.6666666666666667,medium,2,0.146871,"{""window"": 120, ""pct"": 0.05, ""stall_days"": 3, ""rearm"": 3, ""_feasible"": true, ""_n_feasible"": 5, ""_score"": 1.1542}","{""pct_rank"": 0.016666666666666666, ""window"": 120.0, ""days_since_min"": 3.0}"
2022-05-19,KZT,ml_localmin,"ml_localmin(fp_cost=3.0,gate_pct=0.2,gate_window=120,h=10,min_pos_rate=0.25,rearm=5,seed=0,tol_bps=10.0)",BUY_NOW,down,0.6408067807356966,medium,2,0.144221,"{""h"": 10, ""tol_bps"": 10.0, ""gate_window"": 120, ""gate_pct"": 0.2, ""fp_cost"": 3.0, ""min_pos_rate"": 0.25, ""rearm"": 5, ""seed"": 0, ""threshold"": 0.0001, ""_fitted"": true, ""_pos_rate_val"": 1.0}","{""proba"": 0.6408067807356966, ""pct_rank"": 0.008333333333333333, ""window"": 120.0}"
2022-05-20,KZT,dip_vs_trend,"dip_vs_trend(pct=0.05,rearm=5,span=80,window=250)",BUY_NOW,down,0.92,medium,2,0.136497,"{""span"": 80, ""window"": 250, ""pct"": 0.05, ""rearm"": 5, ""_feasible"": true, ""_n_feasible"": 10, ""_score"": 1.4185}","{""dev_pct"": -24.223870921270617, ""pct_rank"": 0.004, ""window"": 250.0, ""span"": 80.0}"
2022-05-25,KZT,reversal,"reversal(max_days_since_min=5,rearm=5,rise_bps=50,window=120)",WINDOW_CLOSING,up,0.7047242626496254,slow,2,0.13504,"{""window"": 120, ""rise_bps"": 50, ""max_days_since_min"": 5, ""rearm"": 5, ""_feasible"": true, ""_n_feasible"": 17, ""_score"": 2.1956}","{""rise_pct"": 0.7047242626496254, ""min_rate"": 0.134095, ""days_since_min"": 1.0, ""window"": 120.0}"
2022-05-26,KZT,ml_localmin,"ml_localmin(fp_cost=3.0,gate_pct=0.2,gate_window=120,h=10,min_pos_rate=0.25,rearm=5,seed=0,tol_bps=10.0)",BUY_NOW,down,0.0016741822946512318,medium,2,0.149474,"{""h"": 10, ""tol_bps"": 10.0, ""gate_window"": 120, ""gate_pct"": 0.2, ""fp_cost"": 3.0, ""min_pos_rate"": 0.25, ""rearm"": 5, ""seed"": 0, ""threshold"": 0.0001, ""_fitted"": true, ""_pos_rate_val"": 1.0}","{""proba"": 0.0016741822946512318, ""pct_rank"": 0.09166666666666666, ""window"": 120.0}"
2022-05-30,KZT,dip_vs_trend,"dip_vs_trend(pct=0.05,rearm=5,span=80,window=250)",BUY_NOW,down,0.1200000000000001,medium,2,0.145621,"{""span"": 80, ""window"": 250, ""pct"": 0.05, ""rearm"": 5, ""_feasible"": true, ""_n_feasible"": 10, ""_score"": 1.4185}","{""dev_pct"": -17.925644368318682, ""pct_rank"": 0.044, ""window"": 250.0, ""span"": 80.0}"
2022-05-30,KZT,level,"level(pct=0.05,rearm=3,stall_days=3,window=120)",BUY_NOW,down,0.0,medium,2,0.145621,"{""window"": 120, ""pct"": 0.05, ""stall_days"": 3, ""rearm"": 3, ""_feasible"": true, ""_n_feasible"": 5, ""_score"": 1.1542}","{""pct_rank"": 0.05, ""window"": 120.0, ""days_since_min"": 4.0}"
2022-06-02,KZT,ml_localmin,"ml_localmin(fp_cost=3.0,gate_pct=0.2,gate_window=120,h=10,min_pos_rate=0.25,rearm=5,seed=0,tol_bps=10.0)",BUY_NOW,down,0.016811813145116088,medium,2,0.145012,"{""h"": 10, ""tol_bps"": 10.0, ""gate_window"": 120, ""gate_pct"": 0.2, ""fp_cost"": 3.0, ""min_pos_rate"": 0.25, ""rearm"": 5, ""seed"": 0, ""threshold"": 0.0001, ""_fitted"": true, ""_pos_rate_val"": 1.0}","{""proba"": 0.016811813145116088, ""pct_rank"": 0.058333333333333334, ""window"": 120.0}"
2022-06-03,KZT,level,"level(pct=0.05,rearm=3,stall_days=3,window=120)",BUY_NOW,down,0.16666666666666674,medium,2,0.143181,"{""window"": 120, ""pct"": 0.05, ""stall_days"": 3, ""rearm"": 3, ""_feasible"": true, ""_n_feasible"": 5, ""_score"": 1.1542}","{""pct_rank"": 0.041666666666666664, ""window"": 120.0, ""days_since_min"": 8.0}"
2022-06-06,KZT,dip_vs_trend,"dip_vs_trend(pct=0.05,rearm=5,span=80,window=250)",BUY_NOW,down,0.44000000000000006,medium,2,0.141473,"{""span"": 80, ""window"": 250, ""pct"": 0.05, ""rearm"": 5, ""_feasible"": true, ""_n_feasible"": 10, ""_score"": 1.4185}","{""dev_pct"": -19.339851708090816, ""pct_rank"": 0.028, ""window"": 250.0, ""span"": 80.0}"
2022-06-08,KZT,level,"level(pct=0.05,rearm=3,stall_days=3,window=120)",BUY_NOW,down,0.16666666666666674,medium,2,0.140258,"{""window"": 120, ""pct"": 0.05, ""stall_days"": 3, ""rearm"": 3, ""_feasible"": true, ""_n_feasible"": 5, ""_score"": 1.1542}","{""pct_rank"": 0.041666666666666664, ""window"": 120.0, ""days_since_min"": 11.0}"
2022-06-08,KZT,momentum,"momentum(n=5,rearm=2)",BUY_NOW,down,0.5,fast,2,0.140258,"{""n"": 5, ""rearm"": 2, ""_feasible"": true, ""_n_feasible"": 4, ""_score"": 1.001}","{""streak"": 5.0, ""drop_pct"": -5.3883410007689925}"
2022-06-09,KZT,ml_localmin,"ml_localmin(fp_cost=3.0,gate_pct=0.2,gate_window=120,h=10,min_pos_rate=0.25,rearm=5,seed=0,tol_bps=10.0)",BUY_NOW,down,0.5665588181008808,medium,2,0.134709,"{""h"": 10, ""tol_bps"": 10.0, ""gate_window"": 120, ""gate_pct"": 0.2, ""fp_cost"": 3.0, ""min_pos_rate"": 0.25, ""rearm"": 5, ""seed"": 0, ""threshold"": 0.0001, ""_fitted"": true, ""_pos_rate_val"": 1.0}","{""proba"": 0.5665588181008808, ""pct_rank"": 0.016666666666666666, ""window"": 120.0}"
2022-06-10,KZT,momentum,"momentum(n=5,rearm=2)",BUY_NOW,down,0.7,fast,2,0.132973,"{""n"": 5, ""rearm"": 2, ""_feasible"": true, ""_n_feasible"": 4, ""_score"": 1.001}","{""streak"": 7.0, ""drop_pct"": -10.302470218420723}"
2022-06-14,KZT,dip_vs_trend,"dip_vs_trend(pct=0.05,rearm=5,span=80,window=250)",BUY_NOW,down,0.76,medium,2,0.130892,"{""span"": 80, ""window"": 250, ""pct"": 0.05, ""rearm"": 5, ""_feasible"": true, ""_n_feasible"": 10, ""_score"": 1.4185}","{""dev_pct"": -24.310292123604093, ""pct_rank"": 0.012, ""window"": 250.0, ""span"": 80.0}"
2022-06-15,KZT,momentum,"momentum(n=5,rearm=2)",BUY_NOW,down,0.9,fast,2,0.129983,"{""n"": 5, ""rearm"": 2, ""_feasible"": true, ""_n_feasible"": 4, ""_score"": 1.001}","{""streak"": 9.0, ""drop_pct"": -12.31938804419681}"
2022-06-17,KZT,ml_localmin,"ml_localmin(fp_cost=3.0,gate_pct=0.2,gate_window=120,h=10,min_pos_rate=0.25,rearm=5,seed=0,tol_bps=10.0)",BUY_NOW,down,0.5931745500421657,medium,2,0.128254,"{""h"": 10, ""tol_bps"": 10.0, ""gate_window"": 120, ""gate_pct"": 0.2, ""fp_cost"": 3.0, ""min_pos_rate"": 0.25, ""rearm"": 5, ""seed"": 0, ""threshold"": 0.0001, ""_fitted"": true, ""_pos_rate_val"": 1.0}","{""proba"": 0.5931745500421657, ""pct_rank"": 0.008333333333333333, ""window"": 120.0}"
2022-06-17,KZT,momentum,"momentum(n=5,rearm=2)",BUY_NOW,down,1.0,fast,2,0.128254,"{""n"": 5, ""rearm"": 2, ""_feasible"": true, ""_n_feasible"": 4, ""_score"": 1.001}","{""streak"": 11.0, ""drop_pct"": -13.485692699971663}"
2022-06-20,KZT,seasonality,"seasonality(from_day=20,min_share=0.5,min_years=4,rearm=20)",BUY_NOW,down,0.5714285714285714,slow,2,0.125703,"{""min_share"": 0.5, ""min_years"": 4, ""from_day"": 20, ""rearm"": 20, ""_feasible"": true, ""_n_feasible"": 6, ""_score"": 1.1273}","{""k_years"": 4.0, ""n_years"": 7.0, ""target_month"": 7.0}"
2022-06-21,KZT,dip_vs_trend,"dip_vs_trend(pct=0.05,rearm=5,span=80,window=250)",BUY_NOW,down,0.92,medium,2,0.123422,"{""span"": 80, ""window"": 250, ""pct"": 0.05, ""rearm"": 5, ""_feasible"": true, ""_n_feasible"": 10, ""_score"": 1.4185}","{""dev_pct"": -27.333728442177275, ""pct_rank"": 0.004, ""window"": 250.0, ""span"": 80.0}"
2022-06-21,KZT,momentum,"momentum(n=5,rearm=2)",BUY_NOW,down,1.0,fast,2,0.123422,"{""n"": 5, ""rearm"": 2, ""_feasible"": true, ""_n_feasible"": 4, ""_score"": 1.001}","{""streak"": 13.0, ""drop_pct"": -16.74513983513888}"
2022-06-23,KZT,momentum,"momentum(n=5,rearm=2)",BUY_NOW,down,1.0,fast,2,0.1175,"{""n"": 5, ""rearm"": 2, ""_feasible"": true, ""_n_feasible"": 4, ""_score"": 1.001}","{""streak"": 15.0, ""drop_pct"": -20.739851328197723}"
2022-06-24,KZT,ml_localmin,"ml_localmin(fp_cost=3.0,gate_pct=0.2,gate_window=120,h=10,min_pos_rate=0.25,rearm=5,seed=0,tol_bps=10.0)",BUY_NOW,down,0.6014985485641289,medium,2,0.114721,"{""h"": 10, ""tol_bps"": 10.0, ""gate_window"": 120, ""gate_pct"": 0.2, ""fp_cost"": 3.0, ""min_pos_rate"": 0.25, ""rearm"": 5, ""seed"": 0, ""threshold"": 0.0001, ""_fitted"": true, ""_pos_rate_val"": 1.0}","{""proba"": 0.6014985485641289, ""pct_rank"": 0.008333333333333333, ""window"": 120.0}"
2022-06-27,KZT,momentum,"momentum(n=5,rearm=2)",BUY_NOW,down,1.0,fast,2,0.113324,"{""n"": 5, ""rearm"": 2, ""_feasible"": true, ""_n_feasible"": 4, ""_score"": 1.001}","{""streak"": 17.0, ""drop_pct"": -23.556790739716416}"
2022-06-28,KZT,dip_vs_trend,"dip_vs_trend(pct=0.05,rearm=5,span=80,window=250)",BUY_NOW,down,0.76,medium,2,0.114915,"{""span"": 80, ""window"": 250, ""pct"": 0.05, ""rearm"": 5, ""_feasible"": true, ""_n_feasible"": 10, ""_score"": 1.4185}","{""dev_pct"": -30.61365090300675, ""pct_rank"": 0.012, ""window"": 250.0, ""span"": 80.0}"
2022-06-28,KZT,reversal,"reversal(max_days_since_min=5,rearm=5,rise_bps=50,window=120)",WINDOW_CLOSING,up,1.0,slow,2,0.114915,"{""window"": 120, ""rise_bps"": 50, ""max_days_since_min"": 5, ""rearm"": 5, ""_feasible"": true, ""_n_feasible"": 17, ""_score"": 2.1956}","{""rise_pct"": 1.4039391479298446, ""min_rate"": 0.113324, ""days_since_min"": 1.0, ""window"": 120.0}"
2022-07-01,KZT,ml_localmin,"ml_localmin(fp_cost=3.0,gate_pct=0.2,gate_window=120,h=10,min_pos_rate=0.25,rearm=5,seed=0,tol_bps=10.0)",BUY_NOW,down,0.00348872179821457,medium,3,0.114316,"{""h"": 10, ""tol_bps"": 10.0, ""gate_window"": 120, ""gate_pct"": 0.2, ""fp_cost"": 3.0, ""min_pos_rate"": 0.25, ""rearm"": 5, ""seed"": 0, ""threshold"": 0.0001, ""_fitted"": true, ""_pos_rate_val"": 1.0}","{""proba"": 0.00348872179821457, ""pct_rank"": 0.03333333333333333, ""window"": 120.0}"
2022-07-05,KZT,reversal,"reversal(max_days_since_min=5,rearm=5,rise_bps=50,window=120)",WINDOW_CLOSING,up,1.0,slow,3,0.12606,"{""window"": 120, ""rise_bps"": 50, ""max_days_since_min"": 5, ""rearm"": 5, ""_feasible"": true, ""_n_feasible"": 13, ""_score"": 2.1956}","{""rise_pct"": 12.376979032948231, ""min_rate"": 0.112176, ""days_since_min"": 4.0, ""window"": 120.0}"
2022-07-08,KZT,ml_localmin,"ml_localmin(fp_cost=3.0,gate_pct=0.2,gate_window=120,h=10,min_pos_rate=0.25,rearm=5,seed=0,tol_bps=10.0)",BUY_NOW,down,0.002246611980779346,medium,3,0.128376,"{""h"": 10, ""tol_bps"": 10.0, ""gate_window"": 120, ""gate_pct"": 0.2, ""fp_cost"": 3.0, ""min_pos_rate"": 0.25, ""rearm"": 5, ""seed"": 0, ""threshold"": 0.0001, ""_fitted"": true, ""_pos_rate_val"": 1.0}","{""proba"": 0.002246611980779346, ""pct_rank"": 0.11666666666666667, ""window"": 120.0}"
2022-07-15,KZT,ml_localmin,"ml_localmin(fp_cost=3.0,gate_pct=0.2,gate_window=120,h=10,min_pos_rate=0.25,rearm=5,seed=0,tol_bps=10.0)",BUY_NOW,down,0.014461836187785912,medium,3,0.120889,"{""h"": 10, ""tol_bps"": 10.0, ""gate_window"": 120, ""gate_pct"": 0.2, ""fp_cost"": 3.0, ""min_pos_rate"": 0.25, ""rearm"": 5, ""seed"": 0, ""threshold"": 0.0001, ""_fitted"": true, ""_pos_rate_val"": 1.0}","{""proba"": 0.014461836187785912, ""pct_rank"": 0.08333333333333333, ""window"": 120.0}"
2022-07-18,KZT,momentum,"momentum(n=5,rearm=2)",BUY_NOW,down,0.5,fast,3,0.117746,"{""n"": 5, ""rearm"": 2, ""_feasible"": true, ""_n_feasible"": 4, ""_score"": 1.001}","{""streak"": 5.0, ""drop_pct"": -8.783427845433977}"
2022-07-19,KZT,level,"level(pct=0.05,rearm=3,stall_days=3,window=120)",BUY_NOW,down,0.16666666666666674,medium,3,0.114497,"{""window"": 120, ""pct"": 0.05, ""stall_days"": 3, ""rearm"": 3, ""_feasible"": true, ""_n_feasible"": 5, ""_score"": 1.1542}","{""pct_rank"": 0.041666666666666664, ""window"": 120.0, ""days_since_min"": 14.0}"
2022-07-20,KZT,momentum,"momentum(n=5,rearm=2)",BUY_NOW,down,0.7,fast,3,0.114183,"{""n"": 5, ""rearm"": 2, ""_feasible"": true, ""_n_feasible"": 4, ""_score"": 1.001}","{""streak"": 7.0, ""drop_pct"": -11.54364599795482}"
2022-07-20,KZT,seasonality,"seasonality(from_day=20,min_share=0.5,min_years=4,rearm=20)",BUY_NOW,down,0.7142857142857143,slow,3,0.114183,"{""min_share"": 0.5, ""min_years"": 4, ""from_day"": 20, ""rearm"": 20, ""_feasible"": true, ""_n_feasible"": 6, ""_score"": 1.0732}","{""k_years"": 5.0, ""n_years"": 7.0, ""target_month"": 8.0}"
2022-07-22,KZT,ml_localmin,"ml_localmin(fp_cost=3.0,gate_pct=0.2,gate_window=120,h=10,min_pos_rate=0.25,rearm=5,seed=0,tol_bps=10.0)",BUY_NOW,down,0.0012026530416211457,medium,3,0.11906,"{""h"": 10, ""tol_bps"": 10.0, ""gate_window"": 120, ""gate_pct"": 0.2, ""fp_cost"": 3.0, ""min_pos_rate"": 0.25, ""rearm"": 5, ""seed"": 0, ""threshold"": 0.0001, ""_fitted"": true, ""_pos_rate_val"": 1.0}","{""proba"": 0.0012026530416211457, ""pct_rank"": 0.11666666666666667, ""window"": 120.0}"
2022-08-02,KZT,ml_localmin,"ml_localmin(fp_cost=3.0,gate_pct=0.2,gate_window=120,h=10,min_pos_rate=0.25,rearm=5,seed=0,tol_bps=10.0)",BUY_NOW,down,0.0005392663763886446,medium,3,0.12546,"{""h"": 10, ""tol_bps"": 10.0, ""gate_window"": 120, ""gate_pct"": 0.2, ""fp_cost"": 3.0, ""min_pos_rate"": 0.25, ""rearm"": 5, ""seed"": 0, ""threshold"": 0.0001, ""_fitted"": true, ""_pos_rate_val"": 1.0}","{""proba"": 0.0005392663763886446, ""pct_rank"": 0.18333333333333332, ""window"": 120.0}"
2022-08-19,KZT,ml_localmin,"ml_localmin(fp_cost=3.0,gate_pct=0.2,gate_window=120,h=10,min_pos_rate=0.25,rearm=5,seed=0,tol_bps=10.0)",BUY_NOW,down,0.04459959418106626,medium,3,0.124243,"{""h"": 10, ""tol_bps"": 10.0, ""gate_window"": 120, ""gate_pct"": 0.2, ""fp_cost"": 3.0, ""min_pos_rate"": 0.25, ""rearm"": 5, ""seed"": 0, ""threshold"": 0.0001, ""_fitted"": true, ""_pos_rate_val"": 1.0}","{""proba"": 0.04459959418106626, ""pct_rank"": 0.175, ""window"": 120.0}"
2022-09-22,KZT,ml_localmin,"ml_localmin(fp_cost=3.0,gate_pct=0.2,gate_window=120,h=10,min_pos_rate=0.25,rearm=5,seed=0,tol_bps=10.0)",BUY_NOW,down,0.18856138282219265,medium,3,0.125242,"{""h"": 10, ""tol_bps"": 10.0, ""gate_window"": 120, ""gate_pct"": 0.2, ""fp_cost"": 3.0, ""min_pos_rate"": 0.25, ""rearm"": 5, ""seed"": 0, ""threshold"": 0.0001, ""_fitted"": true, ""_pos_rate_val"": 1.0}","{""proba"": 0.18856138282219265, ""pct_rank"": 0.18333333333333332, ""window"": 120.0}"
2022-09-29,KZT,ml_localmin,"ml_localmin(fp_cost=3.0,gate_pct=0.2,gate_window=120,h=10,min_pos_rate=0.25,rearm=5,seed=0,tol_bps=10.0)",BUY_NOW,down,0.576527834516307,medium,3,0.119763,"{""h"": 10, ""tol_bps"": 10.0, ""gate_window"": 120, ""gate_pct"": 0.2, ""fp_cost"": 3.0, ""min_pos_rate"": 0.25, ""rearm"": 5, ""seed"": 0, ""threshold"": 0.0001, ""_fitted"": true, ""_pos_rate_val"": 1.0}","{""proba"": 0.576527834516307, ""pct_rank"": 0.13333333333333333, ""window"": 120.0}"
2022-10-20,KZT,seasonality,"seasonality(from_day=20,min_share=0.5,min_years=4,rearm=20)",BUY_NOW,down,0.5714285714285714,slow,3,0.130819,"{""min_share"": 0.5, ""min_years"": 4, ""from_day"": 20, ""rearm"": 20, ""_feasible"": true, ""_n_feasible"": 6, ""_score"": 1.0732}","{""k_years"": 4.0, ""n_years"": 7.0, ""target_month"": 11.0}"
2023-01-12,KZT,momentum,"momentum(n=5,rearm=3)",BUY_NOW,down,0.5,fast,4,0.146641,"{""n"": 5, ""rearm"": 3, ""_feasible"": true, ""_n_feasible"": 3, ""_score"": 0.834}","{""streak"": 5.0, ""drop_pct"": -6.033090685394993}"
2023-01-20,KZT,seasonality,"seasonality(from_day=20,min_share=0.5,min_years=4,rearm=20)",BUY_NOW,down,0.75,slow,4,0.14838,"{""min_share"": 0.5, ""min_years"": 4, ""from_day"": 20, ""rearm"": 20, ""_feasible"": true, ""_n_feasible"": 6, ""_score"": 1.2673}","{""k_years"": 6.0, ""n_years"": 8.0, ""target_month"": 2.0}"
2023-02-20,KZT,seasonality,"seasonality(from_day=20,min_share=0.5,min_years=4,rearm=20)",BUY_NOW,down,0.5,slow,4,0.166678,"{""min_share"": 0.5, ""min_years"": 4, ""from_day"": 20, ""rearm"": 20, ""_feasible"": true, ""_n_feasible"": 6, ""_score"": 1.2673}","{""k_years"": 4.0, ""n_years"": 8.0, ""target_month"": 3.0}"
2023-03-14,KZT,momentum,"momentum(n=5,rearm=3)",BUY_NOW,down,0.5,fast,4,0.164658,"{""n"": 5, ""rearm"": 3, ""_feasible"": true, ""_n_feasible"": 3, ""_score"": 0.834}","{""streak"": 5.0, ""drop_pct"": -5.951632986440336}"
2023-04-20,KZT,seasonality,"seasonality(from_day=20,min_share=0.5,min_years=4,rearm=20)",BUY_NOW,down,0.5,slow,4,0.179354,"{""min_share"": 0.5, ""min_years"": 4, ""from_day"": 20, ""rearm"": 20, ""_feasible"": true, ""_n_feasible"": 6, ""_score"": 1.2673}","{""k_years"": 4.0, ""n_years"": 8.0, ""target_month"": 5.0}"
2023-04-28,KZT,dip_vs_trend,"dip_vs_trend(pct=0.05,rearm=5,span=20,window=120)",BUY_NOW,down,0.0,medium,4,0.176474,"{""span"": 20, ""window"": 120, ""pct"": 0.05, ""rearm"": 5, ""_feasible"": true, ""_n_feasible"": 7, ""_score"": 1.1929}","{""dev_pct"": -1.8951479864278475, ""pct_rank"": 0.05, ""window"": 120.0, ""span"": 20.0}"
2023-05-10,KZT,dip_vs_trend,"dip_vs_trend(pct=0.05,rearm=5,span=20,window=120)",BUY_NOW,down,0.6666666666666667,medium,4,0.172235,"{""span"": 20, ""window"": 120, ""pct"": 0.05, ""rearm"": 5, ""_feasible"": true, ""_n_feasible"": 7, ""_score"": 1.1929}","{""dev_pct"": -3.8529438773274416, ""pct_rank"": 0.016666666666666666, ""window"": 120.0, ""span"": 20.0}"
2023-06-20,KZT,seasonality,"seasonality(from_day=20,min_share=0.5,min_years=4,rearm=20)",BUY_NOW,down,0.5,slow,4,0.188379,"{""min_share"": 0.5, ""min_years"": 4, ""from_day"": 20, ""rearm"": 20, ""_feasible"": true, ""_n_feasible"": 6, ""_score"": 1.2673}","{""k_years"": 4.0, ""n_years"": 8.0, ""target_month"": 7.0}"
2023-07-20,KZT,seasonality,"seasonality(from_day=20,min_share=0.5,min_years=4,rearm=20)",BUY_NOW,down,0.75,slow,5,0.205237,"{""min_share"": 0.5, ""min_years"": 4, ""from_day"": 20, ""rearm"": 20, ""_feasible"": true, ""_n_feasible"": 6, ""_score"": 1.1488}","{""k_years"": 6.0, ""n_years"": 8.0, ""target_month"": 8.0}"
2023-07-26,KZT,momentum,"momentum(n=5,rearm=2)",BUY_NOW,down,0.5,fast,5,0.202325,"{""n"": 5, ""rearm"": 2, ""_feasible"": true, ""_n_feasible"": 4, ""_score"": 0.8486}","{""streak"": 5.0, ""drop_pct"": -1.4711754794347054}"
2023-08-18,KZT,dip_vs_trend,"dip_vs_trend(pct=0.05,rearm=5,span=20,window=120)",BUY_NOW,down,0.8333333333333334,medium,5,0.201655,"{""span"": 20, ""window"": 120, ""pct"": 0.05, ""rearm"": 5, ""_feasible"": true, ""_n_feasible"": 9, ""_score"": 1.161}","{""dev_pct"": -4.336261208426251, ""pct_rank"": 0.008333333333333333, ""window"": 120.0, ""span"": 20.0}"
2023-08-25,KZT,dip_vs_trend,"dip_vs_trend(pct=0.05,rearm=5,span=20,window=120)",BUY_NOW,down,0.0,medium,5,0.204986,"{""span"": 20, ""window"": 120, ""pct"": 0.05, ""rearm"": 5, ""_feasible"": true, ""_n_feasible"": 9, ""_score"": 1.161}","{""dev_pct"": -3.126716073840452, ""pct_rank"": 0.05, ""window"": 120.0, ""span"": 20.0}"
2023-09-22,KZT,momentum,"momentum(n=5,rearm=2)",BUY_NOW,down,0.5,fast,5,0.201786,"{""n"": 5, ""rearm"": 2, ""_feasible"": true, ""_n_feasible"": 4, ""_score"": 0.8486}","{""streak"": 5.0, ""drop_pct"": -2.654747719367645}"
2023-10-20,KZT,seasonality,"seasonality(from_day=20,min_share=0.5,min_years=4,rearm=20)",BUY_NOW,down,0.625,slow,5,0.200053,"{""min_share"": 0.5, ""min_years"": 4, ""from_day"": 20, ""rearm"": 20, ""_feasible"": true, ""_n_feasible"": 6, ""_score"": 1.1488}","{""k_years"": 5.0, ""n_years"": 8.0, ""target_month"": 11.0}"
2023-10-23,KZT,dip_vs_trend,"dip_vs_trend(pct=0.05,rearm=5,span=20,window=120)",BUY_NOW,down,0.16666666666666674,medium,5,0.197696,"{""span"": 20, ""window"": 120, ""pct"": 0.05, ""rearm"": 5, ""_feasible"": true, ""_n_feasible"": 9, ""_score"": 1.161}","{""dev_pct"": -3.6998140204606567, ""pct_rank"": 0.041666666666666664, ""window"": 120.0, ""span"": 20.0}"
2023-10-24,KZT,momentum,"momentum(n=5,rearm=2)",BUY_NOW,down,0.5,fast,5,0.195339,"{""n"": 5, ""rearm"": 2, ""_feasible"": true, ""_n_feasible"": 4, ""_score"": 0.8486}","{""streak"": 5.0, ""drop_pct"": -4.354830022572253}"
2023-10-31,KZT,dip_vs_trend,"dip_vs_trend(pct=0.05,rearm=5,span=20,window=120)",BUY_NOW,down,0.16666666666666674,medium,5,0.195017,"{""span"": 20, ""window"": 120, ""pct"": 0.05, ""rearm"": 5, ""_feasible"": true, ""_n_feasible"": 9, ""_score"": 1.161}","{""dev_pct"": -3.8651942727382815, ""pct_rank"": 0.041666666666666664, ""window"": 120.0, ""span"": 20.0}"
2023-11-15,KZT,ml_localmin,"ml_localmin(fp_cost=3.0,gate_pct=0.2,gate_window=120,h=10,min_pos_rate=0.25,rearm=5,seed=0,tol_bps=10.0)",BUY_NOW,down,0.40009612315305343,medium,5,0.19294,"{""h"": 10, ""tol_bps"": 10.0, ""gate_window"": 120, ""gate_pct"": 0.2, ""fp_cost"": 3.0, ""min_pos_rate"": 0.25, ""rearm"": 5, ""seed"": 0, ""threshold"": 0.1597, ""_fitted"": true, ""_pos_rate_val"": 0.25}","{""proba"": 0.40009612315305343, ""pct_rank"": 0.18333333333333332, ""window"": 120.0}"
2023-11-20,KZT,seasonality,"seasonality(from_day=20,min_share=0.5,min_years=4,rearm=20)",BUY_NOW,down,0.5,slow,5,0.191222,"{""min_share"": 0.5, ""min_years"": 4, ""from_day"": 20, ""rearm"": 20, ""_feasible"": true, ""_n_feasible"": 6, ""_score"": 1.1488}","{""k_years"": 4.0, ""n_years"": 8.0, ""target_month"": 12.0}"
2024-01-11,KZT,ml_localmin,"ml_localmin(fp_cost=3.0,gate_pct=0.2,gate_window=120,h=10,min_pos_rate=0.25,rearm=5,seed=0,tol_bps=10.0)",BUY_NOW,down,0.24950212975584626,medium,6,0.195839,"{""h"": 10, ""tol_bps"": 10.0, ""gate_window"": 120, ""gate_pct"": 0.2, ""fp_cost"": 3.0, ""min_pos_rate"": 0.25, ""rearm"": 5, ""seed"": 0, ""threshold"": 0.0014, ""_fitted"": true, ""_pos_rate_val"": 1.0}","{""proba"": 0.24950212975584626, ""pct_rank"": 0.14166666666666666, ""window"": 120.0}"
2024-01-16,KZT,momentum,"momentum(n=5,rearm=2)",BUY_NOW,down,0.5,fast,6,0.194177,"{""n"": 5, ""rearm"": 2, ""_feasible"": true, ""_n_feasible"": 4, ""_score"": 1.001}","{""streak"": 5.0, ""drop_pct"": -2.6149625609982463}"
2024-01-18,KZT,ml_localmin,"ml_localmin(fp_cost=3.0,gate_pct=0.2,gate_window=120,h=10,min_pos_rate=0.25,rearm=5,seed=0,tol_bps=10.0)",BUY_NOW,down,0.021743276665511724,medium,6,0.195741,"{""h"": 10, ""tol_bps"": 10.0, ""gate_window"": 120, ""gate_pct"": 0.2, ""fp_cost"": 3.0, ""min_pos_rate"": 0.25, ""rearm"": 5, ""seed"": 0, ""threshold"": 0.0014, ""_fitted"": true, ""_pos_rate_val"": 1.0}","{""proba"": 0.021743276665511724, ""pct_rank"": 0.15833333333333333, ""window"": 120.0}"
2024-01-24,KZT,seasonality,"seasonality(from_day=24,min_share=0.5,min_years=4,rearm=20)",BUY_NOW,down,0.7777777777777778,slow,6,0.19793,"{""min_share"": 0.5, ""min_years"": 4, ""from_day"": 24, ""rearm"": 20, ""_feasible"": true, ""_n_feasible"": 6, ""_score"": 1.2724}","{""k_years"": 7.0, ""n_years"": 9.0, ""target_month"": 2.0}"
2024-02-26,KZT,seasonality,"seasonality(from_day=24,min_share=0.5,min_years=4,rearm=20)",BUY_NOW,down,0.5555555555555556,slow,6,0.205904,"{""min_share"": 0.5, ""min_years"": 4, ""from_day"": 24, ""rearm"": 20, ""_feasible"": true, ""_n_feasible"": 6, ""_score"": 1.2724}","{""k_years"": 5.0, ""n_years"": 9.0, ""target_month"": 3.0}"
2024-05-24,KZT,dip_vs_trend,"dip_vs_trend(pct=0.05,rearm=5,span=20,window=120)",BUY_NOW,down,0.8333333333333334,medium,6,0.202475,"{""span"": 20, ""window"": 120, ""pct"": 0.05, ""rearm"": 5, ""_feasible"": true, ""_n_feasible"": 7, ""_score"": 1.1678}","{""dev_pct"": -1.9778708901266207, ""pct_rank"": 0.008333333333333333, ""window"": 120.0, ""span"": 20.0}"
2024-06-03,KZT,dip_vs_trend,"dip_vs_trend(pct=0.05,rearm=5,span=20,window=120)",BUY_NOW,down,0.5,medium,6,0.199833,"{""span"": 20, ""window"": 120, ""pct"": 0.05, ""rearm"": 5, ""_feasible"": true, ""_n_feasible"": 7, ""_score"": 1.1678}","{""dev_pct"": -2.306658525269678, ""pct_rank"": 0.025, ""window"": 120.0, ""span"": 20.0}"
2024-06-04,KZT,ml_localmin,"ml_localmin(fp_cost=3.0,gate_pct=0.2,gate_window=120,h=10,min_pos_rate=0.25,rearm=5,seed=0,tol_bps=10.0)",BUY_NOW,down,0.0851721204654071,medium,6,0.198527,"{""h"": 10, ""tol_bps"": 10.0, ""gate_window"": 120, ""gate_pct"": 0.2, ""fp_cost"": 3.0, ""min_pos_rate"": 0.25, ""rearm"": 5, ""seed"": 0, ""threshold"": 0.0014, ""_fitted"": true, ""_pos_rate_val"": 1.0}","{""proba"": 0.0851721204654071, ""pct_rank"": 0.2, ""window"": 120.0}"
2024-06-13,KZT,dip_vs_trend,"dip_vs_trend(pct=0.05,rearm=5,span=20,window=120)",BUY_NOW,down,0.8333333333333334,medium,6,0.19525,"{""span"": 20, ""window"": 120, ""pct"": 0.05, ""rearm"": 5, ""_feasible"": true, ""_n_feasible"": 7, ""_score"": 1.1678}","{""dev_pct"": -2.9651176370900423, ""pct_rank"": 0.008333333333333333, ""window"": 120.0, ""span"": 20.0}"
2024-06-13,KZT,level,"level(pct=0.05,rearm=5,stall_days=3,window=120)",BUY_NOW,down,0.33333333333333337,medium,6,0.19525,"{""window"": 120, ""pct"": 0.05, ""stall_days"": 3, ""rearm"": 5, ""_feasible"": true, ""_n_feasible"": 6, ""_score"": 1.1191}","{""pct_rank"": 0.03333333333333333, ""window"": 120.0, ""days_since_min"": 100.0}"
2024-06-13,KZT,ml_localmin,"ml_localmin(fp_cost=3.0,gate_pct=0.2,gate_window=120,h=10,min_pos_rate=0.25,rearm=5,seed=0,tol_bps=10.0)",BUY_NOW,down,0.33024268922941585,medium,6,0.19525,"{""h"": 10, ""tol_bps"": 10.0, ""gate_window"": 120, ""gate_pct"": 0.2, ""fp_cost"": 3.0, ""min_pos_rate"": 0.25, ""rearm"": 5, ""seed"": 0, ""threshold"": 0.0014, ""_fitted"": true, ""_pos_rate_val"": 1.0}","{""proba"": 0.33024268922941585, ""pct_rank"": 0.03333333333333333, ""window"": 120.0}"
2024-06-20,KZT,dip_vs_trend,"dip_vs_trend(pct=0.05,rearm=5,span=20,window=120)",BUY_NOW,down,0.6666666666666667,medium,6,0.185791,"{""span"": 20, ""window"": 120, ""pct"": 0.05, ""rearm"": 5, ""_feasible"": true, ""_n_feasible"": 7, ""_score"": 1.1678}","{""dev_pct"": -6.004874525859383, ""pct_rank"": 0.016666666666666666, ""window"": 120.0, ""span"": 20.0}"
2024-06-20,KZT,ml_localmin,"ml_localmin(fp_cost=3.0,gate_pct=0.2,gate_window=120,h=10,min_pos_rate=0.25,rearm=5,seed=0,tol_bps=10.0)",BUY_NOW,down,0.007796805854412854,medium,6,0.185791,"{""h"": 10, ""tol_bps"": 10.0, ""gate_window"": 120, ""gate_pct"": 0.2, ""fp_cost"": 3.0, ""min_pos_rate"": 0.25, ""rearm"": 5, ""seed"": 0, ""threshold"": 0.0014, ""_fitted"": true, ""_pos_rate_val"": 1.0}","{""proba"": 0.007796805854412854, ""pct_rank"": 0.016666666666666666, ""window"": 120.0}"
2024-06-20,KZT,reversal,"reversal(max_days_since_min=5,rearm=3,rise_bps=50,window=120)",WINDOW_CLOSING,up,1.0,slow,6,0.185791,"{""window"": 120, ""rise_bps"": 50, ""max_days_since_min"": 5, ""rearm"": 3, ""_feasible"": true, ""_n_feasible"": 20, ""_score"": 1.8547}","{""rise_pct"": 2.9775134547913584, ""min_rate"": 0.180419, ""days_since_min"": 1.0, ""window"": 120.0}"
2024-06-24,KZT,level,"level(pct=0.05,rearm=5,stall_days=3,window=120)",BUY_NOW,down,0.5,medium,6,0.188012,"{""window"": 120, ""pct"": 0.05, ""stall_days"": 3, ""rearm"": 5, ""_feasible"": true, ""_n_feasible"": 6, ""_score"": 1.1191}","{""pct_rank"": 0.025, ""window"": 120.0, ""days_since_min"": 3.0}"
2024-06-24,KZT,seasonality,"seasonality(from_day=24,min_share=0.5,min_years=4,rearm=20)",BUY_NOW,down,0.5555555555555556,slow,6,0.188012,"{""min_share"": 0.5, ""min_years"": 4, ""from_day"": 24, ""rearm"": 20, ""_feasible"": true, ""_n_feasible"": 6, ""_score"": 1.2724}","{""k_years"": 5.0, ""n_years"": 9.0, ""target_month"": 7.0}"
2024-06-25,KZT,reversal,"reversal(max_days_since_min=5,rearm=3,rise_bps=50,window=120)",WINDOW_CLOSING,up,1.0,slow,6,0.18758,"{""window"": 120, ""rise_bps"": 50, ""max_days_since_min"": 5, ""rearm"": 3, ""_feasible"": true, ""_n_feasible"": 20, ""_score"": 1.8547}","{""rise_pct"": 3.9690941641401296, ""min_rate"": 0.180419, ""days_since_min"": 4.0, ""window"": 120.0}"
2024-06-27,KZT,dip_vs_trend,"dip_vs_trend(pct=0.05,rearm=5,span=20,window=120)",BUY_NOW,down,0.5,medium,6,0.183203,"{""span"": 20, ""window"": 120, ""pct"": 0.05, ""rearm"": 5, ""_feasible"": true, ""_n_feasible"": 7, ""_score"": 1.1678}","{""dev_pct"": -5.62819198270017, ""pct_rank"": 0.025, ""window"": 120.0, ""span"": 20.0}"
2024-06-27,KZT,ml_localmin,"ml_localmin(fp_cost=3.0,gate_pct=0.2,gate_window=120,h=10,min_pos_rate=0.25,rearm=5,seed=0,tol_bps=10.0)",BUY_NOW,down,0.3148257193434293,medium,6,0.183203,"{""h"": 10, ""tol_bps"": 10.0, ""gate_window"": 120, ""gate_pct"": 0.2, ""fp_cost"": 3.0, ""min_pos_rate"": 0.25, ""rearm"": 5, ""seed"": 0, ""threshold"": 0.0014, ""_fitted"": true, ""_pos_rate_val"": 1.0}","{""proba"": 0.3148257193434293, ""pct_rank"": 0.016666666666666666, ""window"": 120.0}"
2024-07-01,KZT,level,"level(pct=0.1,rearm=5,stall_days=3,window=60)",BUY_NOW,down,0.33333333333333337,medium,7,0.185164,"{""window"": 60, ""pct"": 0.1, ""stall_days"": 3, ""rearm"": 5, ""_feasible"": true, ""_n_feasible"": 8, ""_score"": 1.1529}","{""pct_rank"": 0.06666666666666667, ""window"": 60.0, ""days_since_min"": 8.0}"
2024-07-04,KZT,ml_localmin,"ml_localmin(fp_cost=3.0,gate_pct=0.2,gate_window=120,h=10,min_pos_rate=0.25,rearm=5,seed=0,tol_bps=10.0)",BUY_NOW,down,0.005830279915056013,medium,7,0.186471,"{""h"": 10, ""tol_bps"": 10.0, ""gate_window"": 120, ""gate_pct"": 0.2, ""fp_cost"": 3.0, ""min_pos_rate"": 0.25, ""rearm"": 5, ""seed"": 0, ""threshold"": 0.0004, ""_fitted"": true, ""_pos_rate_val"": 1.0}","{""proba"": 0.005830279915056013, ""pct_rank"": 0.06666666666666667, ""window"": 120.0}"
2024-07-08,KZT,level,"level(pct=0.1,rearm=5,stall_days=3,window=60)",BUY_NOW,down,0.33333333333333337,medium,7,0.185124,"{""window"": 60, ""pct"": 0.1, ""stall_days"": 3, ""rearm"": 5, ""_feasible"": true, ""_n_feasible"": 8, ""_score"": 1.1529}","{""pct_rank"": 0.06666666666666667, ""window"": 60.0, ""days_since_min"": 13.0}"
2024-07-11,KZT,ml_localmin,"ml_localmin(fp_cost=3.0,gate_pct=0.2,gate_window=120,h=10,min_pos_rate=0.25,rearm=5,seed=0,tol_bps=10.0)",BUY_NOW,down,0.0032327640618112444,medium,7,0.183891,"{""h"": 10, ""tol_bps"": 10.0, ""gate_window"": 120, ""gate_pct"": 0.2, ""fp_cost"": 3.0, ""min_pos_rate"": 0.25, ""rearm"": 5, ""seed"": 0, ""threshold"": 0.0004, ""_fitted"": true, ""_pos_rate_val"": 1.0}","{""proba"": 0.0032327640618112444, ""pct_rank"": 0.03333333333333333, ""window"": 120.0}"
2024-07-18,KZT,ml_localmin,"ml_localmin(fp_cost=3.0,gate_pct=0.2,gate_window=120,h=10,min_pos_rate=0.25,rearm=5,seed=0,tol_bps=10.0)",BUY_NOW,down,0.001390865663262867,medium,7,0.185067,"{""h"": 10, ""tol_bps"": 10.0, ""gate_window"": 120, ""gate_pct"": 0.2, ""fp_cost"": 3.0, ""min_pos_rate"": 0.25, ""rearm"": 5, ""seed"": 0, ""threshold"": 0.0004, ""_fitted"": true, ""_pos_rate_val"": 1.0}","{""proba"": 0.001390865663262867, ""pct_rank"": 0.075, ""window"": 120.0}"
2024-07-19,KZT,level,"level(pct=0.1,rearm=5,stall_days=3,window=60)",BUY_NOW,down,0.0,medium,7,0.184518,"{""window"": 60, ""pct"": 0.1, ""stall_days"": 3, ""rearm"": 5, ""_feasible"": true, ""_n_feasible"": 8, ""_score"": 1.1529}","{""pct_rank"": 0.1, ""window"": 60.0, ""days_since_min"": 22.0}"
2024-07-24,KZT,seasonality,"seasonality(from_day=24,min_share=0.5,min_years=4,rearm=20)",BUY_NOW,down,0.7777777777777778,slow,7,0.183129,"{""min_share"": 0.5, ""min_years"": 4, ""from_day"": 24, ""rearm"": 20, ""_feasible"": true, ""_n_feasible"": 6, ""_score"": 1.2901}","{""k_years"": 7.0, ""n_years"": 9.0, ""target_month"": 8.0}"
2024-07-25,KZT,ml_localmin,"ml_localmin(fp_cost=3.0,gate_pct=0.2,gate_window=120,h=10,min_pos_rate=0.25,rearm=5,seed=0,tol_bps=10.0)",BUY_NOW,down,0.397158387304806,medium,7,0.180156,"{""h"": 10, ""tol_bps"": 10.0, ""gate_window"": 120, ""gate_pct"": 0.2, ""fp_cost"": 3.0, ""min_pos_rate"": 0.25, ""rearm"": 5, ""seed"": 0, ""threshold"": 0.0004, ""_fitted"": true, ""_pos_rate_val"": 1.0}","{""proba"": 0.397158387304806, ""pct_rank"": 0.008333333333333333, ""window"": 120.0}"
2024-07-29,KZT,reversal,"reversal(max_days_since_min=5,rearm=3,rise_bps=50,window=120)",WINDOW_CLOSING,up,1.0,slow,7,0.182287,"{""window"": 120, ""rise_bps"": 50, ""max_days_since_min"": 5, ""rearm"": 3, ""_feasible"": true, ""_n_feasible"": 22, ""_score"": 1.8547}","{""rise_pct"": 1.1828637403139552, ""min_rate"": 0.180156, ""days_since_min"": 2.0, ""window"": 120.0}"
2024-07-30,KZT,level,"level(pct=0.1,rearm=5,stall_days=3,window=60)",BUY_NOW,down,0.16666666666666674,medium,7,0.182404,"{""window"": 60, ""pct"": 0.1, ""stall_days"": 3, ""rearm"": 5, ""_feasible"": true, ""_n_feasible"": 8, ""_score"": 1.1529}","{""pct_rank"": 0.08333333333333333, ""window"": 60.0, ""days_since_min"": 3.0}"
2024-08-01,KZT,ml_localmin,"ml_localmin(fp_cost=3.0,gate_pct=0.2,gate_window=120,h=10,min_pos_rate=0.25,rearm=5,seed=0,tol_bps=10.0)",BUY_NOW,down,0.018733788640604668,medium,7,0.180997,"{""h"": 10, ""tol_bps"": 10.0, ""gate_window"": 120, ""gate_pct"": 0.2, ""fp_cost"": 3.0, ""min_pos_rate"": 0.25, ""rearm"": 5, ""seed"": 0, ""threshold"": 0.0004, ""_fitted"": true, ""_pos_rate_val"": 1.0}","{""proba"": 0.018733788640604668, ""pct_rank"": 0.03333333333333333, ""window"": 120.0}"
2024-08-06,KZT,momentum,"momentum(n=5,rearm=2)",BUY_NOW,down,0.5,fast,7,0.178486,"{""n"": 5, ""rearm"": 2, ""_feasible"": true, ""_n_feasible"": 4, ""_score"": 1.001}","{""streak"": 5.0, ""drop_pct"": -2.1479792109822204}"
2024-08-08,KZT,reversal,"reversal(max_days_since_min=5,rearm=3,rise_bps=50,window=120)",WINDOW_CLOSING,up,1.0,slow,7,0.181998,"{""window"": 120, ""rise_bps"": 50, ""max_days_since_min"": 5, ""rearm"": 3, ""_feasible"": true, ""_n_feasible"": 22, ""_score"": 1.8547}","{""rise_pct"": 1.9676613291798706, ""min_rate"": 0.178486, ""days_since_min"": 2.0, ""window"": 120.0}"
2024-08-13,KZT,reversal,"reversal(max_days_since_min=5,rearm=3,rise_bps=50,window=120)",WINDOW_CLOSING,up,1.0,slow,7,0.193431,"{""window"": 120, ""rise_bps"": 50, ""max_days_since_min"": 5, ""rearm"": 3, ""_feasible"": true, ""_n_feasible"": 22, ""_score"": 1.8547}","{""rise_pct"": 8.373205741626787, ""min_rate"": 0.178486, ""days_since_min"": 5.0, ""window"": 120.0}"
2024-09-03,KZT,ml_localmin,"ml_localmin(fp_cost=3.0,gate_pct=0.2,gate_window=120,h=10,min_pos_rate=0.25,rearm=5,seed=0,tol_bps=10.0)",BUY_NOW,down,0.16072947824742306,medium,7,0.18364,"{""h"": 10, ""tol_bps"": 10.0, ""gate_window"": 120, ""gate_pct"": 0.2, ""fp_cost"": 3.0, ""min_pos_rate"": 0.25, ""rearm"": 5, ""seed"": 0, ""threshold"": 0.0004, ""_fitted"": true, ""_pos_rate_val"": 1.0}","{""proba"": 0.16072947824742306, ""pct_rank"": 0.14166666666666666, ""window"": 120.0}"
2024-10-24,KZT,seasonality,"seasonality(from_day=24,min_share=0.5,min_years=4,rearm=20)",BUY_NOW,down,0.5555555555555556,slow,7,0.198788,"{""min_share"": 0.5, ""min_years"": 4, ""from_day"": 24, ""rearm"": 20, ""_feasible"": true, ""_n_feasible"": 6, ""_score"": 1.2901}","{""k_years"": 5.0, ""n_years"": 9.0, ""target_month"": 11.0}"
2024-11-25,KZT,seasonality,"seasonality(from_day=24,min_share=0.5,min_years=4,rearm=20)",BUY_NOW,down,0.5555555555555556,slow,7,0.208273,"{""min_share"": 0.5, ""min_years"": 4, ""from_day"": 24, ""rearm"": 20, ""_feasible"": true, ""_n_feasible"": 6, ""_score"": 1.2901}","{""k_years"": 5.0, ""n_years"": 9.0, ""target_month"": 12.0}"
2024-12-05,KZT,momentum,"momentum(n=5,rearm=2)",BUY_NOW,down,0.5,fast,7,0.197455,"{""n"": 5, ""rearm"": 2, ""_feasible"": true, ""_n_feasible"": 4, ""_score"": 1.001}","{""streak"": 5.0, ""drop_pct"": -9.990381591003372}"
2024-12-06,KZT,dip_vs_trend,"dip_vs_trend(pct=0.05,rearm=5,span=20,window=120)",BUY_NOW,down,0.8333333333333334,medium,7,0.189501,"{""span"": 20, ""window"": 120, ""pct"": 0.05, ""rearm"": 5, ""_feasible"": true, ""_n_feasible"": 7, ""_score"": 1.1678}","{""dev_pct"": -7.069907580407397, ""pct_rank"": 0.008333333333333333, ""window"": 120.0, ""span"": 20.0}"
2024-12-16,KZT,dip_vs_trend,"dip_vs_trend(pct=0.05,rearm=5,span=20,window=120)",BUY_NOW,down,0.0,medium,7,0.196965,"{""span"": 20, ""window"": 120, ""pct"": 0.05, ""rearm"": 5, ""_feasible"": true, ""_n_feasible"": 7, ""_score"": 1.1678}","{""dev_pct"": -3.085265432416162, ""pct_rank"": 0.05, ""window"": 120.0, ""span"": 20.0}"
2024-12-20,KZT,level,"level(pct=0.1,rearm=5,stall_days=3,window=60)",BUY_NOW,down,0.16666666666666674,medium,7,0.195305,"{""window"": 60, ""pct"": 0.1, ""stall_days"": 3, ""rearm"": 5, ""_feasible"": true, ""_n_feasible"": 8, ""_score"": 1.1529}","{""pct_rank"": 0.08333333333333333, ""window"": 60.0, ""days_since_min"": 10.0}"
2024-12-23,KZT,dip_vs_trend,"dip_vs_trend(pct=0.05,rearm=5,span=20,window=120)",BUY_NOW,down,0.33333333333333337,medium,7,0.193972,"{""span"": 20, ""window"": 120, ""pct"": 0.05, ""rearm"": 5, ""_feasible"": true, ""_n_feasible"": 7, ""_score"": 1.1678}","{""dev_pct"": -3.5820463737888053, ""pct_rank"": 0.03333333333333333, ""window"": 120.0, ""span"": 20.0}"
2025-01-20,KZT,seasonality,"seasonality(from_day=20,min_share=0.5,min_years=4,rearm=20)",BUY_NOW,down,0.8,slow,8,0.19233,"{""min_share"": 0.5, ""min_years"": 4, ""from_day"": 20, ""rearm"": 20, ""_feasible"": true, ""_n_feasible"": 6, ""_score"": 1.1488}","{""k_years"": 8.0, ""n_years"": 10.0, ""target_month"": 2.0}"
2025-01-21,KZT,ml_localmin,"ml_localmin(fp_cost=3.0,gate_pct=0.2,gate_window=120,h=10,min_pos_rate=0.25,rearm=5,seed=0,tol_bps=10.0)",BUY_NOW,down,0.15466038865125206,medium,8,0.188547,"{""h"": 10, ""tol_bps"": 10.0, ""gate_window"": 120, ""gate_pct"": 0.2, ""fp_cost"": 3.0, ""min_pos_rate"": 0.25, ""rearm"": 5, ""seed"": 0, ""threshold"": 0.1259, ""_fitted"": true, ""_pos_rate_val"": 0.25}","{""proba"": 0.15466038865125206, ""pct_rank"": 0.175, ""window"": 120.0}"
2025-01-22,KZT,dip_vs_trend,"dip_vs_trend(pct=0.05,rearm=5,span=20,window=120)",BUY_NOW,down,0.33333333333333337,medium,8,0.186285,"{""span"": 20, ""window"": 120, ""pct"": 0.05, ""rearm"": 5, ""_feasible"": true, ""_n_feasible"": 7, ""_score"": 1.161}","{""dev_pct"": -3.8089904784919804, ""pct_rank"": 0.03333333333333333, ""window"": 120.0, ""span"": 20.0}"
2025-02-06,KZT,ml_localmin,"ml_localmin(fp_cost=3.0,gate_pct=0.2,gate_window=120,h=10,min_pos_rate=0.25,rearm=5,seed=0,tol_bps=10.0)",BUY_NOW,down,0.23169636772173074,medium,8,0.187822,"{""h"": 10, ""tol_bps"": 10.0, ""gate_window"": 120, ""gate_pct"": 0.2, ""fp_cost"": 3.0, ""min_pos_rate"": 0.25, ""rearm"": 5, ""seed"": 0, ""threshold"": 0.1259, ""_fitted"": true, ""_pos_rate_val"": 0.25}","{""proba"": 0.23169636772173074, ""pct_rank"": 0.1, ""window"": 120.0}"
2025-02-12,KZT,level,"level(pct=0.05,rearm=5,stall_days=3,window=120)",BUY_NOW,down,0.33333333333333337,medium,8,0.185709,"{""window"": 120, ""pct"": 0.05, ""stall_days"": 3, ""rearm"": 5, ""_feasible"": true, ""_n_feasible"": 6, ""_score"": 1.0654}","{""pct_rank"": 0.03333333333333333, ""window"": 120.0, ""days_since_min"": 109.0}"
2025-02-13,KZT,dip_vs_trend,"dip_vs_trend(pct=0.05,rearm=5,span=20,window=120)",BUY_NOW,down,0.16666666666666674,medium,8,0.181587,"{""span"": 20, ""window"": 120, ""pct"": 0.05, ""rearm"": 5, ""_feasible"": true, ""_n_feasible"": 7, ""_score"": 1.161}","{""dev_pct"": -3.795833362030654, ""pct_rank"": 0.041666666666666664, ""window"": 120.0, ""span"": 20.0}"
2025-02-13,KZT,ml_localmin,"ml_localmin(fp_cost=3.0,gate_pct=0.2,gate_window=120,h=10,min_pos_rate=0.25,rearm=5,seed=0,tol_bps=10.0)",BUY_NOW,down,0.3581645767461787,medium,8,0.181587,"{""h"": 10, ""tol_bps"": 10.0, ""gate_window"": 120, ""gate_pct"": 0.2, ""fp_cost"": 3.0, ""min_pos_rate"": 0.25, ""rearm"": 5, ""seed"": 0, ""threshold"": 0.1259, ""_fitted"": true, ""_pos_rate_val"": 0.25}","{""proba"": 0.3581645767461787, ""pct_rank"": 0.008333333333333333, ""window"": 120.0}"
2025-02-17,KZT,reversal,"reversal(max_days_since_min=5,rearm=3,rise_bps=50,window=120)",WINDOW_CLOSING,up,1.0,slow,8,0.184612,"{""window"": 120, ""rise_bps"": 50, ""max_days_since_min"": 5, ""rearm"": 3, ""_feasible"": true, ""_n_feasible"": 20, ""_score"": 1.7333}","{""rise_pct"": 1.7768442408304883, ""min_rate"": 0.181389, ""days_since_min"": 1.0, ""window"": 120.0}"
2025-02-19,KZT,level,"level(pct=0.05,rearm=5,stall_days=3,window=120)",BUY_NOW,down,0.5,medium,8,0.18162,"{""window"": 120, ""pct"": 0.05, ""stall_days"": 3, ""rearm"": 5, ""_feasible"": true, ""_n_feasible"": 6, ""_score"": 1.0654}","{""pct_rank"": 0.025, ""window"": 120.0, ""days_since_min"": 3.0}"
2025-02-20,KZT,dip_vs_trend,"dip_vs_trend(pct=0.05,rearm=5,span=20,window=120)",BUY_NOW,down,0.6666666666666667,medium,8,0.175752,"{""span"": 20, ""window"": 120, ""pct"": 0.05, ""rearm"": 5, ""_feasible"": true, ""_n_feasible"": 7, ""_score"": 1.161}","{""dev_pct"": -5.782730211180976, ""pct_rank"": 0.016666666666666666, ""window"": 120.0, ""span"": 20.0}"
2025-02-20,KZT,ml_localmin,"ml_localmin(fp_cost=3.0,gate_pct=0.2,gate_window=120,h=10,min_pos_rate=0.25,rearm=5,seed=0,tol_bps=10.0)",BUY_NOW,down,0.44376344937724865,medium,8,0.175752,"{""h"": 10, ""tol_bps"": 10.0, ""gate_window"": 120, ""gate_pct"": 0.2, ""fp_cost"": 3.0, ""min_pos_rate"": 0.25, ""rearm"": 5, ""seed"": 0, ""threshold"": 0.1259, ""_fitted"": true, ""_pos_rate_val"": 0.25}","{""proba"": 0.44376344937724865, ""pct_rank"": 0.008333333333333333, ""window"": 120.0}"
2025-02-20,KZT,seasonality,"seasonality(from_day=20,min_share=0.5,min_years=4,rearm=20)",BUY_NOW,down,0.6,slow,8,0.175752,"{""min_share"": 0.5, ""min_years"": 4, ""from_day"": 20, ""rearm"": 20, ""_feasible"": true, ""_n_feasible"": 6, ""_score"": 1.1488}","{""k_years"": 6.0, ""n_years"": 10.0, ""target_month"": 3.0}"
2025-02-27,KZT,reversal,"reversal(max_days_since_min=5,rearm=3,rise_bps=50,window=120)",WINDOW_CLOSING,up,1.0,slow,8,0.174946,"{""window"": 120, ""rise_bps"": 50, ""max_days_since_min"": 5, ""rearm"": 3, ""_feasible"": true, ""_n_feasible"": 20, ""_score"": 1.7333}","{""rise_pct"": 1.5545545313116582, ""min_rate"": 0.172268, ""days_since_min"": 2.0, ""window"": 120.0}"
2025-02-28,KZT,level,"level(pct=0.05,rearm=5,stall_days=3,window=120)",BUY_NOW,down,0.0,medium,8,0.175989,"{""window"": 120, ""pct"": 0.05, ""stall_days"": 3, ""rearm"": 5, ""_feasible"": true, ""_n_feasible"": 6, ""_score"": 1.0654}","{""pct_rank"": 0.05, ""window"": 120.0, ""days_since_min"": 3.0}"
2025-03-04,KZT,reversal,"reversal(max_days_since_min=5,rearm=3,rise_bps=50,window=120)",WINDOW_CLOSING,up,1.0,slow,8,0.178808,"{""window"": 120, ""rise_bps"": 50, ""max_days_since_min"": 5, ""rearm"": 3, ""_feasible"": true, ""_n_feasible"": 20, ""_score"": 1.7333}","{""rise_pct"": 3.796410244502746, ""min_rate"": 0.172268, ""days_since_min"": 5.0, ""window"": 120.0}"
2025-03-11,KZT,level,"level(pct=0.05,rearm=5,stall_days=3,window=120)",BUY_NOW,down,0.5,medium,8,0.174939,"{""window"": 120, ""pct"": 0.05, ""stall_days"": 3, ""rearm"": 5, ""_feasible"": true, ""_n_feasible"": 6, ""_score"": 1.0654}","{""pct_rank"": 0.025, ""window"": 120.0, ""days_since_min"": 10.0}"
2025-03-11,KZT,ml_localmin,"ml_localmin(fp_cost=3.0,gate_pct=0.2,gate_window=120,h=10,min_pos_rate=0.25,rearm=5,seed=0,tol_bps=10.0)",BUY_NOW,down,0.13464809320625587,medium,8,0.174939,"{""h"": 10, ""tol_bps"": 10.0, ""gate_window"": 120, ""gate_pct"": 0.2, ""fp_cost"": 3.0, ""min_pos_rate"": 0.25, ""rearm"": 5, ""seed"": 0, ""threshold"": 0.1259, ""_fitted"": true, ""_pos_rate_val"": 0.25}","{""proba"": 0.13464809320625587, ""pct_rank"": 0.025, ""window"": 120.0}"
2025-03-17,KZT,dip_vs_trend,"dip_vs_trend(pct=0.05,rearm=5,span=20,window=120)",BUY_NOW,down,0.16666666666666674,medium,8,0.166893,"{""span"": 20, ""window"": 120, ""pct"": 0.05, ""rearm"": 5, ""_feasible"": true, ""_n_feasible"": 7, ""_score"": 1.161}","{""dev_pct"": -5.520891005370077, ""pct_rank"": 0.041666666666666664, ""window"": 120.0, ""span"": 20.0}"
2025-03-18,KZT,ml_localmin,"ml_localmin(fp_cost=3.0,gate_pct=0.2,gate_window=120,h=10,min_pos_rate=0.25,rearm=5,seed=0,tol_bps=10.0)",BUY_NOW,down,0.22775466696922875,medium,8,0.163317,"{""h"": 10, ""tol_bps"": 10.0, ""gate_window"": 120, ""gate_pct"": 0.2, ""fp_cost"": 3.0, ""min_pos_rate"": 0.25, ""rearm"": 5, ""seed"": 0, ""threshold"": 0.1259, ""_fitted"": true, ""_pos_rate_val"": 0.25}","{""proba"": 0.22775466696922875, ""pct_rank"": 0.008333333333333333, ""window"": 120.0}"
2025-03-19,KZT,reversal,"reversal(max_days_since_min=5,rearm=3,rise_bps=50,window=120)",WINDOW_CLOSING,up,1.0,slow,8,0.166896,"{""window"": 120, ""rise_bps"": 50, ""max_days_since_min"": 5, ""rearm"": 3, ""_feasible"": true, ""_n_feasible"": 20, ""_score"": 1.7333}","{""rise_pct"": 2.191443634159329, ""min_rate"": 0.163317, ""days_since_min"": 1.0, ""window"": 120.0}"
2025-03-21,KZT,level,"level(pct=0.05,rearm=5,stall_days=3,window=120)",BUY_NOW,down,0.33333333333333337,medium,8,0.168327,"{""window"": 120, ""pct"": 0.05, ""stall_days"": 3, ""rearm"": 5, ""_feasible"": true, ""_n_feasible"": 6, ""_score"": 1.0654}","{""pct_rank"": 0.03333333333333333, ""window"": 120.0, ""days_since_min"": 3.0}"
2025-03-24,KZT,reversal,"reversal(max_days_since_min=5,rearm=3,rise_bps=50,window=120)",WINDOW_CLOSING,up,1.0,slow,8,0.166803,"{""window"": 120, ""rise_bps"": 50, ""max_days_since_min"": 5, ""rearm"": 3, ""_feasible"": true, ""_n_feasible"": 20, ""_score"": 1.7333}","{""rise_pct"": 2.1344991642021416, ""min_rate"": 0.163317, ""days_since_min"": 4.0, ""window"": 120.0}"
2025-04-08,KZT,level,"level(pct=0.05,rearm=5,stall_days=3,window=120)",BUY_NOW,down,0.6666666666666667,medium,8,0.16489,"{""window"": 120, ""pct"": 0.05, ""stall_days"": 3, ""rearm"": 5, ""_feasible"": true, ""_n_feasible"": 6, ""_score"": 1.0654}","{""pct_rank"": 0.016666666666666666, ""window"": 120.0, ""days_since_min"": 15.0}"
2025-04-11,KZT,ml_localmin,"ml_localmin(fp_cost=3.0,gate_pct=0.2,gate_window=120,h=10,min_pos_rate=0.25,rearm=5,seed=0,tol_bps=10.0)",BUY_NOW,down,0.35113692052954065,medium,8,0.163058,"{""h"": 10, ""tol_bps"": 10.0, ""gate_window"": 120, ""gate_pct"": 0.2, ""fp_cost"": 3.0, ""min_pos_rate"": 0.25, ""rearm"": 5, ""seed"": 0, ""threshold"": 0.1259, ""_fitted"": true, ""_pos_rate_val"": 0.25}","{""proba"": 0.35113692052954065, ""pct_rank"": 0.008333333333333333, ""window"": 120.0}"
2025-04-16,KZT,reversal,"reversal(max_days_since_min=5,rearm=3,rise_bps=50,window=120)",WINDOW_CLOSING,up,0.6032099838178429,slow,8,0.159775,"{""window"": 120, ""rise_bps"": 50, ""max_days_since_min"": 5, ""rearm"": 3, ""_feasible"": true, ""_n_feasible"": 20, ""_score"": 1.7333}","{""rise_pct"": 0.6032099838178429, ""min_rate"": 0.158817, ""days_since_min"": 1.0, ""window"": 120.0}"
2025-04-18,KZT,dip_vs_trend,"dip_vs_trend(pct=0.05,rearm=5,span=20,window=120)",BUY_NOW,down,0.16666666666666674,medium,8,0.155079,"{""span"": 20, ""window"": 120, ""pct"": 0.05, ""rearm"": 5, ""_feasible"": true, ""_n_feasible"": 7, ""_score"": 1.161}","{""dev_pct"": -5.968475467394196, ""pct_rank"": 0.041666666666666664, ""window"": 120.0, ""span"": 20.0}"
2025-04-18,KZT,ml_localmin,"ml_localmin(fp_cost=3.0,gate_pct=0.2,gate_window=120,h=10,min_pos_rate=0.25,rearm=5,seed=0,tol_bps=10.0)",BUY_NOW,down,0.3570027443589037,medium,8,0.155079,"{""h"": 10, ""tol_bps"": 10.0, ""gate_window"": 120, ""gate_pct"": 0.2, ""fp_cost"": 3.0, ""min_pos_rate"": 0.25, ""rearm"": 5, ""seed"": 0, ""threshold"": 0.1259, ""_fitted"": true, ""_pos_rate_val"": 0.25}","{""proba"": 0.3570027443589037, ""pct_rank"": 0.008333333333333333, ""window"": 120.0}"
2025-04-22,KZT,reversal,"reversal(max_days_since_min=5,rearm=3,rise_bps=50,window=120)",WINDOW_CLOSING,up,0.9409210169184945,slow,8,0.156198,"{""window"": 120, ""rise_bps"": 50, ""max_days_since_min"": 5, ""rearm"": 3, ""_feasible"": true, ""_n_feasible"": 20, ""_score"": 1.7333}","{""rise_pct"": 0.9409210169184945, ""min_rate"": 0.154742, ""days_since_min"": 1.0, ""window"": 120.0}"
2025-04-25,KZT,reversal,"reversal(max_days_since_min=5,rearm=3,rise_bps=50,window=120)",WINDOW_CLOSING,up,1.0,slow,8,0.159825,"{""window"": 120, ""rise_bps"": 50, ""max_days_since_min"": 5, ""rearm"": 3, ""_feasible"": true, ""_n_feasible"": 20, ""_score"": 1.7333}","{""rise_pct"": 3.2848224787064955, ""min_rate"": 0.154742, ""days_since_min"": 4.0, ""window"": 120.0}"
2025-04-29,KZT,level,"level(pct=0.05,rearm=5,stall_days=3,window=120)",BUY_NOW,down,0.16666666666666674,medium,8,0.158779,"{""window"": 120, ""pct"": 0.05, ""stall_days"": 3, ""rearm"": 5, ""_feasible"": true, ""_n_feasible"": 6, ""_score"": 1.0654}","{""pct_rank"": 0.041666666666666664, ""window"": 120.0, ""days_since_min"": 6.0}"
2025-05-12,KZT,level,"level(pct=0.05,rearm=5,stall_days=3,window=120)",BUY_NOW,down,0.16666666666666674,medium,8,0.156757,"{""window"": 120, ""pct"": 0.05, ""stall_days"": 3, ""rearm"": 5, ""_feasible"": true, ""_n_feasible"": 6, ""_score"": 1.0654}","{""pct_rank"": 0.041666666666666664, ""window"": 120.0, ""days_since_min"": 11.0}"
2025-05-21,KZT,level,"level(pct=0.05,rearm=5,stall_days=3,window=120)",BUY_NOW,down,0.5,medium,8,0.155892,"{""window"": 120, ""pct"": 0.05, ""stall_days"": 3, ""rearm"": 5, ""_feasible"": true, ""_n_feasible"": 6, ""_score"": 1.0654}","{""pct_rank"": 0.025, ""window"": 120.0, ""days_since_min"": 18.0}"
2025-05-26,KZT,ml_localmin,"ml_localmin(fp_cost=3.0,gate_pct=0.2,gate_window=120,h=10,min_pos_rate=0.25,rearm=5,seed=0,tol_bps=10.0)",BUY_NOW,down,0.27229468670788054,medium,8,0.155937,"{""h"": 10, ""tol_bps"": 10.0, ""gate_window"": 120, ""gate_pct"": 0.2, ""fp_cost"": 3.0, ""min_pos_rate"": 0.25, ""rearm"": 5, ""seed"": 0, ""threshold"": 0.1259, ""_fitted"": true, ""_pos_rate_val"": 0.25}","{""proba"": 0.27229468670788054, ""pct_rank"": 0.03333333333333333, ""window"": 120.0}"
2025-05-28,KZT,level,"level(pct=0.05,rearm=5,stall_days=3,window=120)",BUY_NOW,down,0.5,medium,8,0.155427,"{""window"": 120, ""pct"": 0.05, ""stall_days"": 3, ""rearm"": 5, ""_feasible"": true, ""_n_feasible"": 6, ""_score"": 1.0654}","{""pct_rank"": 0.025, ""window"": 120.0, ""days_since_min"": 23.0}"
2025-05-30,KZT,reversal,"reversal(max_days_since_min=5,rearm=3,rise_bps=50,window=120)",WINDOW_CLOSING,up,0.8215939444999654,slow,8,0.154375,"{""window"": 120, ""rise_bps"": 50, ""max_days_since_min"": 5, ""rearm"": 3, ""_feasible"": true, ""_n_feasible"": 20, ""_score"": 1.7333}","{""rise_pct"": 0.8215939444999654, ""min_rate"": 0.153117, ""days_since_min"": 1.0, ""window"": 120.0}"
2025-06-03,KZT,ml_localmin,"ml_localmin(fp_cost=3.0,gate_pct=0.2,gate_window=120,h=10,min_pos_rate=0.25,rearm=5,seed=0,tol_bps=10.0)",BUY_NOW,down,0.23803572928258038,medium,8,0.154203,"{""h"": 10, ""tol_bps"": 10.0, ""gate_window"": 120, ""gate_pct"": 0.2, ""fp_cost"": 3.0, ""min_pos_rate"": 0.25, ""rearm"": 5, ""seed"": 0, ""threshold"": 0.1259, ""_fitted"": true, ""_pos_rate_val"": 0.25}","{""proba"": 0.23803572928258038, ""pct_rank"": 0.016666666666666666, ""window"": 120.0}"
2025-06-04,KZT,level,"level(pct=0.05,rearm=5,stall_days=3,window=120)",BUY_NOW,down,0.6666666666666667,medium,8,0.153295,"{""window"": 120, ""pct"": 0.05, ""stall_days"": 3, ""rearm"": 5, ""_feasible"": true, ""_n_feasible"": 6, ""_score"": 1.0654}","{""pct_rank"": 0.016666666666666666, ""window"": 120.0, ""days_since_min"": 4.0}"
2025-06-05,KZT,reversal,"reversal(max_days_since_min=5,rearm=3,rise_bps=50,window=120)",WINDOW_CLOSING,up,0.9979296877551169,slow,8,0.154645,"{""window"": 120, ""rise_bps"": 50, ""max_days_since_min"": 5, ""rearm"": 3, ""_feasible"": true, ""_n_feasible"": 20, ""_score"": 1.7333}","{""rise_pct"": 0.9979296877551169, ""min_rate"": 0.153117, ""days_since_min"": 5.0, ""window"": 120.0}"
2025-06-16,KZT,level,"level(pct=0.05,rearm=5,stall_days=3,window=120)",BUY_NOW,down,0.5,medium,8,0.153357,"{""window"": 120, ""pct"": 0.05, ""stall_days"": 3, ""rearm"": 5, ""_feasible"": true, ""_n_feasible"": 6, ""_score"": 1.0654}","{""pct_rank"": 0.025, ""window"": 120.0, ""days_since_min"": 10.0}"
2025-06-19,KZT,ml_localmin,"ml_localmin(fp_cost=3.0,gate_pct=0.2,gate_window=120,h=10,min_pos_rate=0.25,rearm=5,seed=0,tol_bps=10.0)",BUY_NOW,down,0.16944218358012256,medium,8,0.151277,"{""h"": 10, ""tol_bps"": 10.0, ""gate_window"": 120, ""gate_pct"": 0.2, ""fp_cost"": 3.0, ""min_pos_rate"": 0.25, ""rearm"": 5, ""seed"": 0, ""threshold"": 0.1259, ""_fitted"": true, ""_pos_rate_val"": 0.25}","{""proba"": 0.16944218358012256, ""pct_rank"": 0.008333333333333333, ""window"": 120.0}"
2025-06-20,KZT,seasonality,"seasonality(from_day=20,min_share=0.5,min_years=4,rearm=20)",BUY_NOW,down,0.5,slow,8,0.151095,"{""min_share"": 0.5, ""min_years"": 4, ""from_day"": 20, ""rearm"": 20, ""_feasible"": true, ""_n_feasible"": 6, ""_score"": 1.1488}","{""k_years"": 5.0, ""n_years"": 10.0, ""target_month"": 7.0}"
2025-06-24,KZT,momentum,"momentum(n=5,rearm=2)",BUY_NOW,down,0.5,fast,8,0.149752,"{""n"": 5, ""rearm"": 2, ""_feasible"": true, ""_n_feasible"": 4, ""_score"": 1.001}","{""streak"": 5.0, ""drop_pct"": -2.5083818886103892}"
2025-06-25,KZT,reversal,"reversal(max_days_since_min=5,rearm=3,rise_bps=50,window=120)",WINDOW_CLOSING,up,0.560259629253701,slow,8,0.150591,"{""window"": 120, ""rise_bps"": 50, ""max_days_since_min"": 5, ""rearm"": 3, ""_feasible"": true, ""_n_feasible"": 20, ""_score"": 1.7333}","{""rise_pct"": 0.560259629253701, ""min_rate"": 0.149752, ""days_since_min"": 1.0, ""window"": 120.0}"
2025-06-30,KZT,level,"level(pct=0.05,rearm=5,stall_days=3,window=120)",BUY_NOW,down,0.16666666666666674,medium,8,0.150903,"{""window"": 120, ""pct"": 0.05, ""stall_days"": 3, ""rearm"": 5, ""_feasible"": true, ""_n_feasible"": 6, ""_score"": 1.0654}","{""pct_rank"": 0.041666666666666664, ""window"": 120.0, ""days_since_min"": 4.0}"
2025-06-30,KZT,reversal,"reversal(max_days_since_min=5,rearm=3,rise_bps=50,window=120)",WINDOW_CLOSING,up,0.7686040920989567,slow,8,0.150903,"{""window"": 120, ""rise_bps"": 50, ""max_days_since_min"": 5, ""rearm"": 3, ""_feasible"": true, ""_n_feasible"": 20, ""_score"": 1.7333}","{""rise_pct"": 0.7686040920989567, ""min_rate"": 0.149752, ""days_since_min"": 4.0, ""window"": 120.0}"
2025-07-08,KZT,level,"level(pct=0.05,rearm=5,stall_days=3,window=60)",BUY_NOW,down,0.0,medium,9,0.150465,"{""window"": 60, ""pct"": 0.05, ""stall_days"": 3, ""rearm"": 5, ""_feasible"": true, ""_n_feasible"": 4, ""_score"": 0.9893}","{""pct_rank"": 0.05, ""window"": 60.0, ""days_since_min"": 10.0}"
2025-07-08,KZT,ml_localmin,"ml_localmin(fp_cost=3.0,gate_pct=0.2,gate_window=120,h=10,min_pos_rate=0.25,rearm=5,seed=0,tol_bps=10.0)",BUY_NOW,down,0.010074117312368232,medium,9,0.150465,"{""h"": 10, ""tol_bps"": 10.0, ""gate_window"": 120, ""gate_pct"": 0.2, ""fp_cost"": 3.0, ""min_pos_rate"": 0.25, ""rearm"": 5, ""seed"": 0, ""threshold"": 0.0041, ""_fitted"": true, ""_pos_rate_val"": 0.616}","{""proba"": 0.010074117312368232, ""pct_rank"": 0.025, ""window"": 120.0}"
2025-07-10,KZT,momentum,"momentum(n=5,rearm=2)",BUY_NOW,down,0.5,fast,9,0.150111,"{""n"": 5, ""rearm"": 2, ""_feasible"": true, ""_n_feasible"": 4, ""_score"": 1.001}","{""streak"": 5.0, ""drop_pct"": -1.2310668368622713}"
2025-07-15,KZT,ml_localmin,"ml_localmin(fp_cost=3.0,gate_pct=0.2,gate_window=120,h=10,min_pos_rate=0.25,rearm=5,seed=0,tol_bps=10.0)",BUY_NOW,down,0.05484484531238157,medium,9,0.148707,"{""h"": 10, ""tol_bps"": 10.0, ""gate_window"": 120, ""gate_pct"": 0.2, ""fp_cost"": 3.0, ""min_pos_rate"": 0.25, ""rearm"": 5, ""seed"": 0, ""threshold"": 0.0041, ""_fitted"": true, ""_pos_rate_val"": 0.616}","{""proba"": 0.05484484531238157, ""pct_rank"": 0.008333333333333333, ""window"": 120.0}"
2025-07-21,KZT,seasonality,"seasonality(from_day=20,min_share=0.5,min_years=4,rearm=20)",BUY_NOW,down,0.8,slow,9,0.146788,"{""min_share"": 0.5, ""min_years"": 4, ""from_day"": 20, ""rearm"": 20, ""_feasible"": true, ""_n_feasible"": 6, ""_score"": 1.1488}","{""k_years"": 8.0, ""n_years"": 10.0, ""target_month"": 8.0}"
2025-07-23,KZT,ml_localmin,"ml_localmin(fp_cost=3.0,gate_pct=0.2,gate_window=120,h=10,min_pos_rate=0.25,rearm=5,seed=0,tol_bps=10.0)",BUY_NOW,down,0.005088606842701199,medium,9,0.147469,"{""h"": 10, ""tol_bps"": 10.0, ""gate_window"": 120, ""gate_pct"": 0.2, ""fp_cost"": 3.0, ""min_pos_rate"": 0.25, ""rearm"": 5, ""seed"": 0, ""threshold"": 0.0041, ""_fitted"": true, ""_pos_rate_val"": 0.616}","{""proba"": 0.005088606842701199, ""pct_rank"": 0.025, ""window"": 120.0}"
2025-07-29,KZT,reversal,"reversal(max_days_since_min=5,rearm=3,rise_bps=50,window=120)",WINDOW_CLOSING,up,1.0,slow,9,0.151851,"{""window"": 120, ""rise_bps"": 50, ""max_days_since_min"": 5, ""rearm"": 3, ""_feasible"": true, ""_n_feasible"": 16, ""_score"": 1.2287}","{""rise_pct"": 3.9719274221157175, ""min_rate"": 0.14605, ""days_since_min"": 1.0, ""window"": 120.0}"
2025-08-01,KZT,reversal,"reversal(max_days_since_min=5,rearm=3,rise_bps=50,window=120)",WINDOW_CLOSING,up,1.0,slow,9,0.148543,"{""window"": 120, ""rise_bps"": 50, ""max_days_since_min"": 5, ""rearm"": 3, ""_feasible"": true, ""_n_feasible"": 16, ""_score"": 1.2287}","{""rise_pct"": 1.7069496747689206, ""min_rate"": 0.14605, ""days_since_min"": 4.0, ""window"": 120.0}"
2025-08-04,KZT,level,"level(pct=0.05,rearm=5,stall_days=3,window=60)",BUY_NOW,down,0.0,medium,9,0.146664,"{""window"": 60, ""pct"": 0.05, ""stall_days"": 3, ""rearm"": 5, ""_feasible"": true, ""_n_feasible"": 4, ""_score"": 0.9893}","{""pct_rank"": 0.05, ""window"": 60.0, ""days_since_min"": 5.0}"
2025-08-12,KZT,ml_localmin,"ml_localmin(fp_cost=3.0,gate_pct=0.2,gate_window=120,h=10,min_pos_rate=0.25,rearm=5,seed=0,tol_bps=10.0)",BUY_NOW,down,0.006715887339992174,medium,9,0.147185,"{""h"": 10, ""tol_bps"": 10.0, ""gate_window"": 120, ""gate_pct"": 0.2, ""fp_cost"": 3.0, ""min_pos_rate"": 0.25, ""rearm"": 5, ""seed"": 0, ""threshold"": 0.0041, ""_fitted"": true, ""_pos_rate_val"": 0.616}","{""proba"": 0.006715887339992174, ""pct_rank"": 0.06666666666666667, ""window"": 120.0}"
2025-08-13,KZT,momentum,"momentum(n=5,rearm=2)",BUY_NOW,down,0.5,fast,9,0.146791,"{""n"": 5, ""rearm"": 2, ""_feasible"": true, ""_n_feasible"": 4, ""_score"": 1.001}","{""streak"": 5.0, ""drop_pct"": -1.6047189730871159}"
2025-10-01,KZT,ml_localmin,"ml_localmin(fp_cost=3.0,gate_pct=0.2,gate_window=120,h=10,min_pos_rate=0.25,rearm=5,seed=0,tol_bps=10.0)",BUY_NOW,down,0.062221533361984126,medium,9,0.148429,"{""h"": 10, ""tol_bps"": 10.0, ""gate_window"": 120, ""gate_pct"": 0.2, ""fp_cost"": 3.0, ""min_pos_rate"": 0.25, ""rearm"": 5, ""seed"": 0, ""threshold"": 0.0041, ""_fitted"": true, ""_pos_rate_val"": 0.616}","{""proba"": 0.062221533361984126, ""pct_rank"": 0.15, ""window"": 120.0}"
2025-10-02,KZT,dip_vs_trend,"dip_vs_trend(pct=0.05,rearm=5,span=20,window=120)",BUY_NOW,down,0.0,medium,9,0.147516,"{""span"": 20, ""window"": 120, ""pct"": 0.05, ""rearm"": 5, ""_feasible"": true, ""_n_feasible"": 7, ""_score"": 1.1678}","{""dev_pct"": -3.970846758326041, ""pct_rank"": 0.05, ""window"": 120.0, ""span"": 20.0}"
2025-10-14,KZT,ml_localmin,"ml_localmin(fp_cost=3.0,gate_pct=0.2,gate_window=120,h=10,min_pos_rate=0.25,rearm=5,seed=0,tol_bps=10.0)",BUY_NOW,down,0.029667563253904183,medium,9,0.148686,"{""h"": 10, ""tol_bps"": 10.0, ""gate_window"": 120, ""gate_pct"": 0.2, ""fp_cost"": 3.0, ""min_pos_rate"": 0.25, ""rearm"": 5, ""seed"": 0, ""threshold"": 0.0041, ""_fitted"": true, ""_pos_rate_val"": 0.616}","{""proba"": 0.029667563253904183, ""pct_rank"": 0.18333333333333332, ""window"": 120.0}"
2025-10-15,KZT,dip_vs_trend,"dip_vs_trend(pct=0.05,rearm=5,span=20,window=120)",BUY_NOW,down,0.5,medium,9,0.146369,"{""span"": 20, ""window"": 120, ""pct"": 0.05, ""rearm"": 5, ""_feasible"": true, ""_n_feasible"": 7, ""_score"": 1.1678}","{""dev_pct"": -3.257681208847707, ""pct_rank"": 0.025, ""window"": 120.0, ""span"": 20.0}"
2025-10-15,KZT,level,"level(pct=0.05,rearm=5,stall_days=3,window=60)",BUY_NOW,down,0.33333333333333337,medium,9,0.146369,"{""window"": 60, ""pct"": 0.05, ""stall_days"": 3, ""rearm"": 5, ""_feasible"": true, ""_n_feasible"": 4, ""_score"": 0.9893}","{""pct_rank"": 0.03333333333333333, ""window"": 60.0, ""days_since_min"": 57.0}"
2025-10-20,KZT,seasonality,"seasonality(from_day=20,min_share=0.5,min_years=4,rearm=20)",BUY_NOW,down,0.6,slow,9,0.151697,"{""min_share"": 0.5, ""min_years"": 4, ""from_day"": 20, ""rearm"": 20, ""_feasible"": true, ""_n_feasible"": 6, ""_score"": 1.1488}","{""k_years"": 6.0, ""n_years"": 10.0, ""target_month"": 11.0}"
2025-10-27,KZT,level,"level(pct=0.05,rearm=5,stall_days=3,window=60)",BUY_NOW,down,0.0,medium,9,0.146776,"{""window"": 60, ""pct"": 0.05, ""stall_days"": 3, ""rearm"": 5, ""_feasible"": true, ""_n_feasible"": 4, ""_score"": 0.9893}","{""pct_rank"": 0.05, ""window"": 60.0, ""days_since_min"": 8.0}"
2025-10-27,KZT,ml_localmin,"ml_localmin(fp_cost=3.0,gate_pct=0.2,gate_window=120,h=10,min_pos_rate=0.25,rearm=5,seed=0,tol_bps=10.0)",BUY_NOW,down,0.07948551068668756,medium,9,0.146776,"{""h"": 10, ""tol_bps"": 10.0, ""gate_window"": 120, ""gate_pct"": 0.2, ""fp_cost"": 3.0, ""min_pos_rate"": 0.25, ""rearm"": 5, ""seed"": 0, ""threshold"": 0.0041, ""_fitted"": true, ""_pos_rate_val"": 0.616}","{""proba"": 0.07948551068668756, ""pct_rank"": 0.05, ""window"": 120.0}"
2025-11-20,KZT,seasonality,"seasonality(from_day=20,min_share=0.5,min_years=4,rearm=20)",BUY_NOW,down,0.5,slow,9,0.15543,"{""min_share"": 0.5, ""min_years"": 4, ""from_day"": 20, ""rearm"": 20, ""_feasible"": true, ""_n_feasible"": 6, ""_score"": 1.1488}","{""k_years"": 5.0, ""n_years"": 10.0, ""target_month"": 12.0}"
2025-11-27,KZT,momentum,"momentum(n=5,rearm=2)",BUY_NOW,down,0.5,fast,9,0.150864,"{""n"": 5, ""rearm"": 2, ""_feasible"": true, ""_n_feasible"": 4, ""_score"": 1.001}","{""streak"": 5.0, ""drop_pct"": -2.937656823007151}"
2026-01-22,KZT,dip_vs_trend,"dip_vs_trend(pct=0.05,rearm=5,span=20,window=120)",BUY_NOW,down,0.0,medium,10,0.150066,"{""span"": 20, ""window"": 120, ""pct"": 0.05, ""rearm"": 5, ""_feasible"": true, ""_n_feasible"": 7, ""_score"": 1.1678}","{""dev_pct"": -2.212830094254703, ""pct_rank"": 0.05, ""window"": 120.0, ""span"": 20.0}"
2026-01-26,KZT,seasonality,"seasonality(from_day=24,min_share=0.5,min_years=4,rearm=20)",BUY_NOW,down,0.7272727272727273,slow,10,0.151008,"{""min_share"": 0.5, ""min_years"": 4, ""from_day"": 24, ""rearm"": 20, ""_feasible"": true, ""_n_feasible"": 6, ""_score"": 1.2901}","{""k_years"": 8.0, ""n_years"": 11.0, ""target_month"": 2.0}"
2026-02-24,KZT,seasonality,"seasonality(from_day=24,min_share=0.5,min_years=4,rearm=20)",BUY_NOW,down,0.5454545454545454,slow,10,0.154091,"{""min_share"": 0.5, ""min_years"": 4, ""from_day"": 24, ""rearm"": 20, ""_feasible"": true, ""_n_feasible"": 6, ""_score"": 1.2901}","{""k_years"": 6.0, ""n_years"": 11.0, ""target_month"": 3.0}"
2026-04-09,KZT,dip_vs_trend,"dip_vs_trend(pct=0.05,rearm=5,span=20,window=120)",BUY_NOW,down,0.6666666666666667,medium,10,0.16376,"{""span"": 20, ""window"": 120, ""pct"": 0.05, ""rearm"": 5, ""_feasible"": true, ""_n_feasible"": 7, ""_score"": 1.1678}","{""dev_pct"": -3.0244745357820846, ""pct_rank"": 0.016666666666666666, ""window"": 120.0, ""span"": 20.0}"
2026-04-16,KZT,dip_vs_trend,"dip_vs_trend(pct=0.05,rearm=5,span=20,window=120)",BUY_NOW,down,0.16666666666666674,medium,10,0.160492,"{""span"": 20, ""window"": 120, ""pct"": 0.05, ""rearm"": 5, ""_feasible"": true, ""_n_feasible"": 7, ""_score"": 1.1678}","{""dev_pct"": -3.6343374275270013, ""pct_rank"": 0.041666666666666664, ""window"": 120.0, ""span"": 20.0}"
2026-05-12,KZT,momentum,"momentum(n=5,rearm=2)",BUY_NOW,down,0.5,fast,10,0.15997,"{""n"": 5, ""rearm"": 2, ""_feasible"": true, ""_n_feasible"": 4, ""_score"": 1.001}","{""streak"": 5.0, ""drop_pct"": -1.83842028398562}"
2026-05-14,KZT,momentum,"momentum(n=5,rearm=2)",BUY_NOW,down,0.7,fast,10,0.156402,"{""n"": 5, ""rearm"": 2, ""_feasible"": true, ""_n_feasible"": 4, ""_score"": 1.001}","{""streak"": 7.0, ""drop_pct"": -4.027834026729494}"
2026-05-15,KZT,dip_vs_trend,"dip_vs_trend(pct=0.05,rearm=5,span=20,window=120)",BUY_NOW,down,0.16666666666666674,medium,10,0.154264,"{""span"": 20, ""window"": 120, ""pct"": 0.05, ""rearm"": 5, ""_feasible"": true, ""_n_feasible"": 7, ""_score"": 1.1678}","{""dev_pct"": -3.991834600878774, ""pct_rank"": 0.041666666666666664, ""window"": 120.0, ""span"": 20.0}"
2026-05-18,KZT,level,"level(pct=0.05,rearm=5,stall_days=3,window=60)",BUY_NOW,down,0.33333333333333337,medium,10,0.15388,"{""window"": 60, ""pct"": 0.05, ""stall_days"": 3, ""rearm"": 5, ""_feasible"": true, ""_n_feasible"": 3, ""_score"": 0.9893}","{""pct_rank"": 0.03333333333333333, ""window"": 60.0, ""days_since_min"": 54.0}"
2026-05-18,KZT,momentum,"momentum(n=5,rearm=2)",BUY_NOW,down,0.9,fast,10,0.15388,"{""n"": 5, ""rearm"": 2, ""_feasible"": true, ""_n_feasible"": 4, ""_score"": 1.001}","{""streak"": 9.0, ""drop_pct"": -5.57539609489096}"
2026-05-19,KZT,ml_localmin,"ml_localmin(fp_cost=3.0,gate_pct=0.2,gate_window=120,h=10,min_pos_rate=0.25,rearm=5,seed=0,tol_bps=10.0)",BUY_NOW,down,0.1999987767577576,medium,10,0.152471,"{""h"": 10, ""tol_bps"": 10.0, ""gate_window"": 120, ""gate_pct"": 0.2, ""fp_cost"": 3.0, ""min_pos_rate"": 0.25, ""rearm"": 5, ""seed"": 0, ""threshold"": 0.0265, ""_fitted"": true, ""_pos_rate_val"": 0.383}","{""proba"": 0.1999987767577576, ""pct_rank"": 0.19166666666666668, ""window"": 120.0}"
2026-05-20,KZT,momentum,"momentum(n=5,rearm=2)",BUY_NOW,down,1.0,fast,10,0.150342,"{""n"": 5, ""rearm"": 2, ""_feasible"": true, ""_n_feasible"": 4, ""_score"": 1.001}","{""streak"": 11.0, ""drop_pct"": -7.746401089797872}"
2026-05-22,KZT,dip_vs_trend,"dip_vs_trend(pct=0.05,rearm=5,span=20,window=120)",BUY_NOW,down,0.0,medium,10,0.151043,"{""span"": 20, ""window"": 120, ""pct"": 0.05, ""rearm"": 5, ""_feasible"": true, ""_n_feasible"": 7, ""_score"": 1.1678}","{""dev_pct"": -4.675924143637101, ""pct_rank"": 0.05, ""window"": 120.0, ""span"": 20.0}"
2026-05-22,KZT,reversal,"reversal(max_days_since_min=5,rearm=3,rise_bps=50,window=120)",WINDOW_CLOSING,up,0.6604377149254992,slow,10,0.151043,"{""window"": 120, ""rise_bps"": 50, ""max_days_since_min"": 5, ""rearm"": 3, ""_feasible"": true, ""_n_feasible"": 14, ""_score"": 1.2287}","{""rise_pct"": 0.6604377149254992, ""min_rate"": 0.150052, ""days_since_min"": 1.0, ""window"": 120.0}"
2026-05-27,KZT,ml_localmin,"ml_localmin(fp_cost=3.0,gate_pct=0.2,gate_window=120,h=10,min_pos_rate=0.25,rearm=5,seed=0,tol_bps=10.0)",BUY_NOW,down,0.13787933118677637,medium,10,0.14849,"{""h"": 10, ""tol_bps"": 10.0, ""gate_window"": 120, ""gate_pct"": 0.2, ""fp_cost"": 3.0, ""min_pos_rate"": 0.25, ""rearm"": 5, ""seed"": 0, ""threshold"": 0.0265, ""_fitted"": true, ""_pos_rate_val"": 0.383}","{""proba"": 0.13787933118677637, ""pct_rank"": 0.008333333333333333, ""window"": 120.0}"
2026-05-28,KZT,reversal,"reversal(max_days_since_min=5,rearm=3,rise_bps=50,window=120)",WINDOW_CLOSING,up,0.6633443329516986,slow,10,0.149475,"{""window"": 120, ""rise_bps"": 50, ""max_days_since_min"": 5, ""rearm"": 3, ""_feasible"": true, ""_n_feasible"": 14, ""_score"": 1.2287}","{""rise_pct"": 0.6633443329516986, ""min_rate"": 0.14849, ""days_since_min"": 1.0, ""window"": 120.0}"
2026-05-29,KZT,dip_vs_trend,"dip_vs_trend(pct=0.05,rearm=5,span=20,window=120)",BUY_NOW,down,0.8333333333333334,medium,10,0.146272,"{""span"": 20, ""window"": 120, ""pct"": 0.05, ""rearm"": 5, ""_feasible"": true, ""_n_feasible"": 7, ""_score"": 1.1678}","{""dev_pct"": -5.775556669974491, ""pct_rank"": 0.008333333333333333, ""window"": 120.0, ""span"": 20.0}"
2026-06-02,KZT,reversal,"reversal(max_days_since_min=5,rearm=3,rise_bps=50,window=120)",WINDOW_CLOSING,up,1.0,slow,10,0.148396,"{""window"": 120, ""rise_bps"": 50, ""max_days_since_min"": 5, ""rearm"": 3, ""_feasible"": true, ""_n_feasible"": 14, ""_score"": 1.2287}","{""rise_pct"": 1.4520892583679723, ""min_rate"": 0.146272, ""days_since_min"": 2.0, ""window"": 120.0}"
2026-06-05,KZT,reversal,"reversal(max_days_since_min=5,rearm=3,rise_bps=50,window=120)",WINDOW_CLOSING,up,1.0,slow,10,0.151376,"{""window"": 120, ""rise_bps"": 50, ""max_days_since_min"": 5, ""rearm"": 3, ""_feasible"": true, ""_n_feasible"": 14, ""_score"": 1.2287}","{""rise_pct"": 3.4893896302778287, ""min_rate"": 0.146272, ""days_since_min"": 5.0, ""window"": 120.0}"
2026-06-09,KZT,level,"level(pct=0.05,rearm=5,stall_days=3,window=60)",BUY_NOW,down,0.0,medium,10,0.147968,"{""window"": 60, ""pct"": 0.05, ""stall_days"": 3, ""rearm"": 5, ""_feasible"": true, ""_n_feasible"": 3, ""_score"": 0.9893}","{""pct_rank"": 0.05, ""window"": 60.0, ""days_since_min"": 7.0}"
2026-06-09,KZT,ml_localmin,"ml_localmin(fp_cost=3.0,gate_pct=0.2,gate_window=120,h=10,min_pos_rate=0.25,rearm=5,seed=0,tol_bps=10.0)",BUY_NOW,down,0.03193659378136145,medium,10,0.147968,"{""h"": 10, ""tol_bps"": 10.0, ""gate_window"": 120, ""gate_pct"": 0.2, ""fp_cost"": 3.0, ""min_pos_rate"": 0.25, ""rearm"": 5, ""seed"": 0, ""threshold"": 0.0265, ""_fitted"": true, ""_pos_rate_val"": 0.383}","{""proba"": 0.03193659378136145, ""pct_rank"": 0.025, ""window"": 120.0}"
2021-01-13,TJS,level,"level(pct=0.05,rearm=3,stall_days=3,window=60)",BUY_NOW,down,0.33333333333333337,medium,0,6.45251,"{""window"": 60, ""pct"": 0.05, ""stall_days"": 3, ""rearm"": 3, ""_feasible"": true, ""_n_feasible"": 3, ""_score"": 1.6483}","{""pct_rank"": 0.03333333333333333, ""window"": 60.0, ""days_since_min"": 16.0}"
2021-01-22,TJS,reversal,"reversal(max_days_since_min=5,rearm=5,rise_bps=20,window=60)",WINDOW_CLOSING,up,1.0,slow,0,6.5258,"{""window"": 60, ""rise_bps"": 20, ""max_days_since_min"": 5, ""rearm"": 5, ""_feasible"": true, ""_n_feasible"": 13, ""_score"": 1.4007}","{""rise_pct"": 1.3721228992135126, ""min_rate"": 6.43747, ""days_since_min"": 2.0, ""window"": 60.0}"
2021-02-10,TJS,momentum,"momentum(n=5,rearm=3)",BUY_NOW,down,0.5,fast,0,6.48114,"{""n"": 5, ""rearm"": 3, ""_feasible"": true, ""_n_feasible"": 2, ""_score"": 1.6186}","{""streak"": 5.0, ""drop_pct"": -2.9278287516737445}"
2021-02-17,TJS,reversal,"reversal(max_days_since_min=5,rearm=5,rise_bps=20,window=60)",WINDOW_CLOSING,up,1.0,slow,0,6.47362,"{""window"": 60, ""rise_bps"": 20, ""max_days_since_min"": 5, ""rearm"": 5, ""_feasible"": true, ""_n_feasible"": 13, ""_score"": 1.4007}","{""rise_pct"": 0.6514587077795619, ""min_rate"": 6.43172, ""days_since_min"": 1.0, ""window"": 60.0}"
2021-03-18,TJS,reversal,"reversal(max_days_since_min=5,rearm=5,rise_bps=20,window=60)",WINDOW_CLOSING,up,1.0,slow,0,6.46408,"{""window"": 60, ""rise_bps"": 20, ""max_days_since_min"": 5, ""rearm"": 5, ""_feasible"": true, ""_n_feasible"": 13, ""_score"": 1.4007}","{""rise_pct"": 0.9544008483563182, ""min_rate"": 6.40297, ""days_since_min"": 2.0, ""window"": 60.0}"
2021-04-20,TJS,seasonality,"seasonality(from_day=20,min_share=0.5,min_years=4,rearm=20)",BUY_NOW,down,0.5,slow,0,6.66686,"{""min_share"": 0.5, ""min_years"": 4, ""from_day"": 20, ""rearm"": 20, ""_feasible"": true, ""_n_feasible"": 4, ""_score"": 1.6186}","{""k_years"": 3.0, ""n_years"": 6.0, ""target_month"": 5.0}"
2021-05-20,TJS,momentum,"momentum(n=5,rearm=3)",BUY_NOW,down,0.5,fast,0,6.45337,"{""n"": 5, ""rearm"": 3, ""_feasible"": true, ""_n_feasible"": 2, ""_score"": 1.6186}","{""streak"": 5.0, ""drop_pct"": -1.0166189902832357}"
2021-05-25,TJS,momentum,"momentum(n=5,rearm=3)",BUY_NOW,down,0.8,fast,0,6.43545,"{""n"": 5, ""rearm"": 3, ""_feasible"": true, ""_n_feasible"": 2, ""_score"": 1.6186}","{""streak"": 8.0, ""drop_pct"": -1.2914803708788059}"
2021-06-01,TJS,level,"level(pct=0.05,rearm=3,stall_days=3,window=60)",BUY_NOW,down,0.0,medium,0,6.42184,"{""window"": 60, ""pct"": 0.05, ""stall_days"": 3, ""rearm"": 3, ""_feasible"": true, ""_n_feasible"": 3, ""_score"": 1.6483}","{""pct_rank"": 0.05, ""window"": 60.0, ""days_since_min"": 53.0}"
2021-06-15,TJS,reversal,"reversal(max_days_since_min=5,rearm=5,rise_bps=20,window=60)",WINDOW_CLOSING,up,0.530235769951648,slow,0,6.29827,"{""window"": 60, ""rise_bps"": 20, ""max_days_since_min"": 5, ""rearm"": 5, ""_feasible"": true, ""_n_feasible"": 13, ""_score"": 1.4007}","{""rise_pct"": 0.2120943079806592, ""min_rate"": 6.28494, ""days_since_min"": 1.0, ""window"": 60.0}"
2021-06-21,TJS,seasonality,"seasonality(from_day=20,min_share=0.5,min_years=4,rearm=20)",BUY_NOW,down,0.5,slow,0,6.41812,"{""min_share"": 0.5, ""min_years"": 4, ""from_day"": 20, ""rearm"": 20, ""_feasible"": true, ""_n_feasible"": 4, ""_score"": 1.6186}","{""k_years"": 3.0, ""n_years"": 6.0, ""target_month"": 7.0}"
2021-07-20,TJS,seasonality,"seasonality(from_day=20,min_share=0.5,min_years=4,rearm=20)",BUY_NOW,down,0.8333333333333334,slow,1,6.53143,"{""min_share"": 0.5, ""min_years"": 4, ""from_day"": 20, ""rearm"": 20, ""_feasible"": true, ""_n_feasible"": 4, ""_score"": 1.6186}","{""k_years"": 5.0, ""n_years"": 6.0, ""target_month"": 8.0}"
2021-07-29,TJS,ml_localmin,"ml_localmin(fp_cost=3.0,gate_pct=0.2,gate_window=120,h=10,min_pos_rate=0.25,rearm=5,seed=0,tol_bps=10.0)",BUY_NOW,down,0.21570154045509254,medium,1,6.4174,"{""h"": 10, ""tol_bps"": 10.0, ""gate_window"": 120, ""gate_pct"": 0.2, ""fp_cost"": 3.0, ""min_pos_rate"": 0.25, ""rearm"": 5, ""seed"": 0, ""threshold"": 0.0529, ""_fitted"": true, ""_pos_rate_val"": 0.403}","{""proba"": 0.21570154045509254, ""pct_rank"": 0.15833333333333333, ""window"": 120.0}"
2021-08-02,TJS,momentum,"momentum(n=5,rearm=3)",BUY_NOW,down,0.5,fast,1,6.40207,"{""n"": 5, ""rearm"": 3, ""_feasible"": true, ""_n_feasible"": 2, ""_score"": 1.0925}","{""streak"": 5.0, ""drop_pct"": -1.4608325714408843}"
2021-08-20,TJS,seasonality,"seasonality(from_day=20,min_share=0.5,min_years=4,rearm=20)",BUY_NOW,down,0.5,slow,1,6.51744,"{""min_share"": 0.5, ""min_years"": 4, ""from_day"": 20, ""rearm"": 20, ""_feasible"": true, ""_n_feasible"": 4, ""_score"": 1.6186}","{""k_years"": 3.0, ""n_years"": 6.0, ""target_month"": 9.0}"
2021-09-14,TJS,ml_localmin,"ml_localmin(fp_cost=3.0,gate_pct=0.2,gate_window=120,h=10,min_pos_rate=0.25,rearm=5,seed=0,tol_bps=10.0)",BUY_NOW,down,0.583842569899174,medium,1,6.41527,"{""h"": 10, ""tol_bps"": 10.0, ""gate_window"": 120, ""gate_pct"": 0.2, ""fp_cost"": 3.0, ""min_pos_rate"": 0.25, ""rearm"": 5, ""seed"": 0, ""threshold"": 0.0529, ""_fitted"": true, ""_pos_rate_val"": 0.403}","{""proba"": 0.583842569899174, ""pct_rank"": 0.18333333333333332, ""window"": 120.0}"
2021-09-27,TJS,ml_localmin,"ml_localmin(fp_cost=3.0,gate_pct=0.2,gate_window=120,h=10,min_pos_rate=0.25,rearm=5,seed=0,tol_bps=10.0)",BUY_NOW,down,0.18407179285509737,medium,1,6.41035,"{""h"": 10, ""tol_bps"": 10.0, ""gate_window"": 120, ""gate_pct"": 0.2, ""fp_cost"": 3.0, ""min_pos_rate"": 0.25, ""rearm"": 5, ""seed"": 0, ""threshold"": 0.0529, ""_fitted"": true, ""_pos_rate_val"": 0.403}","{""proba"": 0.18407179285509737, ""pct_rank"": 0.175, ""window"": 120.0}"
2021-10-05,TJS,ml_localmin,"ml_localmin(fp_cost=3.0,gate_pct=0.2,gate_window=120,h=10,min_pos_rate=0.25,rearm=5,seed=0,tol_bps=10.0)",BUY_NOW,down,0.05923021879661435,medium,1,6.40782,"{""h"": 10, ""tol_bps"": 10.0, ""gate_window"": 120, ""gate_pct"": 0.2, ""fp_cost"": 3.0, ""min_pos_rate"": 0.25, ""rearm"": 5, ""seed"": 0, ""threshold"": 0.0529, ""_fitted"": true, ""_pos_rate_val"": 0.403}","{""proba"": 0.05923021879661435, ""pct_rank"": 0.18333333333333332, ""window"": 120.0}"
2021-10-07,TJS,level,"level(pct=0.05,rearm=3,stall_days=3,window=60)",BUY_NOW,down,0.0,medium,1,6.38987,"{""window"": 60, ""pct"": 0.05, ""stall_days"": 3, ""rearm"": 3, ""_feasible"": true, ""_n_feasible"": 2, ""_score"": 1.6483}","{""pct_rank"": 0.05, ""window"": 60.0, ""days_since_min"": 46.0}"
2021-10-11,TJS,momentum,"momentum(n=5,rearm=3)",BUY_NOW,down,0.5,fast,1,6.33678,"{""n"": 5, ""rearm"": 3, ""_feasible"": true, ""_n_feasible"": 2, ""_score"": 1.0925}","{""streak"": 5.0, ""drop_pct"": -1.5905702571747948}"
2021-10-13,TJS,ml_localmin,"ml_localmin(fp_cost=3.0,gate_pct=0.2,gate_window=120,h=10,min_pos_rate=0.25,rearm=5,seed=0,tol_bps=10.0)",BUY_NOW,down,0.29000430136391575,medium,1,6.35347,"{""h"": 10, ""tol_bps"": 10.0, ""gate_window"": 120, ""gate_pct"": 0.2, ""fp_cost"": 3.0, ""min_pos_rate"": 0.25, ""rearm"": 5, ""seed"": 0, ""threshold"": 0.0529, ""_fitted"": true, ""_pos_rate_val"": 0.403}","{""proba"": 0.29000430136391575, ""pct_rank"": 0.1, ""window"": 120.0}"
2021-10-14,TJS,level,"level(pct=0.05,rearm=3,stall_days=3,window=60)",BUY_NOW,down,0.33333333333333337,medium,1,6.347,"{""window"": 60, ""pct"": 0.05, ""stall_days"": 3, ""rearm"": 3, ""_feasible"": true, ""_n_feasible"": 2, ""_score"": 1.6483}","{""pct_rank"": 0.03333333333333333, ""window"": 60.0, ""days_since_min"": 3.0}"
2021-10-20,TJS,seasonality,"seasonality(from_day=20,min_share=0.5,min_years=4,rearm=20)",BUY_NOW,down,0.6666666666666666,slow,1,6.29506,"{""min_share"": 0.5, ""min_years"": 4, ""from_day"": 20, ""rearm"": 20, ""_feasible"": true, ""_n_feasible"": 4, ""_score"": 1.6186}","{""k_years"": 4.0, ""n_years"": 6.0, ""target_month"": 11.0}"
2021-10-22,TJS,level,"level(pct=0.05,rearm=3,stall_days=3,window=60)",BUY_NOW,down,0.33333333333333337,medium,1,6.2863,"{""window"": 60, ""pct"": 0.05, ""stall_days"": 3, ""rearm"": 3, ""_feasible"": true, ""_n_feasible"": 2, ""_score"": 1.6483}","{""pct_rank"": 0.03333333333333333, ""window"": 60.0, ""days_since_min"": 3.0}"
2021-10-28,TJS,reversal,"reversal(max_days_since_min=10,rearm=5,rise_bps=80,window=120)",WINDOW_CLOSING,up,0.9544339459294922,slow,1,6.27408,"{""window"": 120, ""rise_bps"": 80, ""max_days_since_min"": 10, ""rearm"": 5, ""_feasible"": true, ""_n_feasible"": 8, ""_score"": 1.3986}","{""rise_pct"": 1.5270943134871873, ""min_rate"": 6.17971, ""days_since_min"": 2.0, ""window"": 120.0}"
2021-10-29,TJS,ml_localmin,"ml_localmin(fp_cost=3.0,gate_pct=0.2,gate_window=120,h=10,min_pos_rate=0.25,rearm=5,seed=0,tol_bps=10.0)",BUY_NOW,down,0.1432586386183202,medium,1,6.27123,"{""h"": 10, ""tol_bps"": 10.0, ""gate_window"": 120, ""gate_pct"": 0.2, ""fp_cost"": 3.0, ""min_pos_rate"": 0.25, ""rearm"": 5, ""seed"": 0, ""threshold"": 0.0529, ""_fitted"": true, ""_pos_rate_val"": 0.403}","{""proba"": 0.1432586386183202, ""pct_rank"": 0.03333333333333333, ""window"": 120.0}"
2021-11-08,TJS,reversal,"reversal(max_days_since_min=10,rearm=5,rise_bps=80,window=120)",WINDOW_CLOSING,up,1.0,slow,1,6.33518,"{""window"": 120, ""rise_bps"": 80, ""max_days_since_min"": 10, ""rearm"": 5, ""_feasible"": true, ""_n_feasible"": 8, ""_score"": 1.3986}","{""rise_pct"": 2.515813848869941, ""min_rate"": 6.17971, ""days_since_min"": 7.0, ""window"": 120.0}"
2021-11-10,TJS,ml_localmin,"ml_localmin(fp_cost=3.0,gate_pct=0.2,gate_window=120,h=10,min_pos_rate=0.25,rearm=5,seed=0,tol_bps=10.0)",BUY_NOW,down,0.16612341240057238,medium,1,6.26451,"{""h"": 10, ""tol_bps"": 10.0, ""gate_window"": 120, ""gate_pct"": 0.2, ""fp_cost"": 3.0, ""min_pos_rate"": 0.25, ""rearm"": 5, ""seed"": 0, ""threshold"": 0.0529, ""_fitted"": true, ""_pos_rate_val"": 0.403}","{""proba"": 0.16612341240057238, ""pct_rank"": 0.03333333333333333, ""window"": 120.0}"
2022-02-10,TJS,momentum,"momentum(n=5,rearm=2)",BUY_NOW,down,0.5,fast,2,6.61568,"{""n"": 5, ""rearm"": 2, ""_feasible"": true, ""_n_feasible"": 2, ""_score"": 0.9952}","{""streak"": 5.0, ""drop_pct"": -2.5558239556943363}"
2022-03-25,TJS,dip_vs_trend,"dip_vs_trend(pct=0.1,rearm=5,span=40,window=250)",BUY_NOW,down,0.96,medium,2,7.63517,"{""span"": 40, ""window"": 250, ""pct"": 0.1, ""rearm"": 5, ""_feasible"": true, ""_n_feasible"": 14, ""_score"": 1.5535}","{""dev_pct"": -3.4175694266426637, ""pct_rank"": 0.004, ""window"": 250.0, ""span"": 40.0}"
2022-04-01,TJS,dip_vs_trend,"dip_vs_trend(pct=0.1,rearm=5,span=40,window=250)",BUY_NOW,down,0.92,medium,2,6.44007,"{""span"": 40, ""window"": 250, ""pct"": 0.1, ""rearm"": 5, ""_feasible"": true, ""_n_feasible"": 14, ""_score"": 1.5535}","{""dev_pct"": -18.832616493858577, ""pct_rank"": 0.008, ""window"": 250.0, ""span"": 40.0}"
2022-04-07,TJS,ml_localmin,"ml_localmin(fp_cost=3.0,gate_pct=0.2,gate_window=120,h=10,min_pos_rate=0.25,rearm=5,seed=0,tol_bps=10.0)",BUY_NOW,down,0.024903865786420305,medium,2,6.10038,"{""h"": 10, ""tol_bps"": 10.0, ""gate_window"": 120, ""gate_pct"": 0.2, ""fp_cost"": 3.0, ""min_pos_rate"": 0.25, ""rearm"": 5, ""seed"": 0, ""threshold"": 0.0004, ""_fitted"": true, ""_pos_rate_val"": 0.895}","{""proba"": 0.024903865786420305, ""pct_rank"": 0.008333333333333333, ""window"": 120.0}"
2022-04-08,TJS,dip_vs_trend,"dip_vs_trend(pct=0.1,rearm=5,span=40,window=250)",BUY_NOW,down,0.96,medium,2,5.98801,"{""span"": 40, ""window"": 250, ""pct"": 0.1, ""rearm"": 5, ""_feasible"": true, ""_n_feasible"": 14, ""_score"": 1.5535}","{""dev_pct"": -24.180513386206826, ""pct_rank"": 0.004, ""window"": 250.0, ""span"": 40.0}"
2022-04-11,TJS,reversal,"reversal(max_days_since_min=5,rearm=5,rise_bps=20,window=120)",WINDOW_CLOSING,up,1.0,slow,2,6.33277,"{""window"": 120, ""rise_bps"": 20, ""max_days_since_min"": 5, ""rearm"": 5, ""_feasible"": true, ""_n_feasible"": 10, ""_score"": 1.7596}","{""rise_pct"": 5.757505414987608, ""min_rate"": 5.98801, ""days_since_min"": 1.0, ""window"": 120.0}"
2022-04-15,TJS,dip_vs_trend,"dip_vs_trend(pct=0.1,rearm=5,span=40,window=250)",BUY_NOW,down,0.6799999999999999,medium,2,6.40283,"{""span"": 40, ""window"": 250, ""pct"": 0.1, ""rearm"": 5, ""_feasible"": true, ""_n_feasible"": 14, ""_score"": 1.5535}","{""dev_pct"": -18.55780266348368, ""pct_rank"": 0.032, ""window"": 250.0, ""span"": 40.0}"
2022-04-15,TJS,ml_localmin,"ml_localmin(fp_cost=3.0,gate_pct=0.2,gate_window=120,h=10,min_pos_rate=0.25,rearm=5,seed=0,tol_bps=10.0)",BUY_NOW,down,0.0011728474383058834,medium,2,6.40283,"{""h"": 10, ""tol_bps"": 10.0, ""gate_window"": 120, ""gate_pct"": 0.2, ""fp_cost"": 3.0, ""min_pos_rate"": 0.25, ""rearm"": 5, ""seed"": 0, ""threshold"": 0.0004, ""_fitted"": true, ""_pos_rate_val"": 0.895}","{""proba"": 0.0011728474383058834, ""pct_rank"": 0.2, ""window"": 120.0}"
2022-04-19,TJS,level,"level(pct=0.05,rearm=3,stall_days=3,window=60)",BUY_NOW,down,0.0,medium,2,6.3185,"{""window"": 60, ""pct"": 0.05, ""stall_days"": 3, ""rearm"": 3, ""_feasible"": true, ""_n_feasible"": 2, ""_score"": 1.5535}","{""pct_rank"": 0.05, ""window"": 60.0, ""days_since_min"": 7.0}"
2022-04-21,TJS,momentum,"momentum(n=5,rearm=2)",BUY_NOW,down,0.5,fast,2,5.99632,"{""n"": 5, ""rearm"": 2, ""_feasible"": true, ""_n_feasible"": 2, ""_score"": 0.9952}","{""streak"": 5.0, ""drop_pct"": -7.73671593472367}"
2022-04-22,TJS,dip_vs_trend,"dip_vs_trend(pct=0.1,rearm=5,span=40,window=250)",BUY_NOW,down,0.96,medium,2,5.87687,"{""span"": 40, ""window"": 250, ""pct"": 0.1, ""rearm"": 5, ""_feasible"": true, ""_n_feasible"": 14, ""_score"": 1.5535}","{""dev_pct"": -24.19905752334708, ""pct_rank"": 0.004, ""window"": 250.0, ""span"": 40.0}"
2022-04-22,TJS,ml_localmin,"ml_localmin(fp_cost=3.0,gate_pct=0.2,gate_window=120,h=10,min_pos_rate=0.25,rearm=5,seed=0,tol_bps=10.0)",BUY_NOW,down,0.02974859645420295,medium,2,5.87687,"{""h"": 10, ""tol_bps"": 10.0, ""gate_window"": 120, ""gate_pct"": 0.2, ""fp_cost"": 3.0, ""min_pos_rate"": 0.25, ""rearm"": 5, ""seed"": 0, ""threshold"": 0.0004, ""_fitted"": true, ""_pos_rate_val"": 0.895}","{""proba"": 0.02974859645420295, ""pct_rank"": 0.008333333333333333, ""window"": 120.0}"
2022-04-25,TJS,momentum,"momentum(n=5,rearm=2)",BUY_NOW,down,0.7,fast,2,5.86537,"{""n"": 5, ""rearm"": 2, ""_feasible"": true, ""_n_feasible"": 2, ""_score"": 0.9952}","{""streak"": 7.0, ""drop_pct"": -9.751597903722631}"
2022-04-27,TJS,reversal,"reversal(max_days_since_min=5,rearm=5,rise_bps=20,window=120)",WINDOW_CLOSING,up,0.8265642793494621,slow,2,5.83244,"{""window"": 120, ""rise_bps"": 20, ""max_days_since_min"": 5, ""rearm"": 5, ""_feasible"": true, ""_n_feasible"": 10, ""_score"": 1.7596}","{""rise_pct"": 0.33062571173978483, ""min_rate"": 5.81322, ""days_since_min"": 1.0, ""window"": 120.0}"
2022-04-29,TJS,dip_vs_trend,"dip_vs_trend(pct=0.1,rearm=5,span=40,window=250)",BUY_NOW,down,0.8,medium,2,5.68417,"{""span"": 40, ""window"": 250, ""pct"": 0.1, ""rearm"": 5, ""_feasible"": true, ""_n_feasible"": 14, ""_score"": 1.5535}","{""dev_pct"": -23.25208872395391, ""pct_rank"": 0.02, ""window"": 250.0, ""span"": 40.0}"
2022-04-29,TJS,ml_localmin,"ml_localmin(fp_cost=3.0,gate_pct=0.2,gate_window=120,h=10,min_pos_rate=0.25,rearm=5,seed=0,tol_bps=10.0)",BUY_NOW,down,0.024418595087155662,medium,2,5.68417,"{""h"": 10, ""tol_bps"": 10.0, ""gate_window"": 120, ""gate_pct"": 0.2, ""fp_cost"": 3.0, ""min_pos_rate"": 0.25, ""rearm"": 5, ""seed"": 0, ""threshold"": 0.0004, ""_fitted"": true, ""_pos_rate_val"": 0.895}","{""proba"": 0.024418595087155662, ""pct_rank"": 0.008333333333333333, ""window"": 120.0}"
2022-05-06,TJS,reversal,"reversal(max_days_since_min=5,rearm=5,rise_bps=20,window=120)",WINDOW_CLOSING,up,1.0,slow,2,5.3929,"{""window"": 120, ""rise_bps"": 20, ""max_days_since_min"": 5, ""rearm"": 5, ""_feasible"": true, ""_n_feasible"": 10, ""_score"": 1.7596}","{""rise_pct"": 1.730948437505897, ""min_rate"": 5.30114, ""days_since_min"": 1.0, ""window"": 120.0}"
2022-05-12,TJS,dip_vs_trend,"dip_vs_trend(pct=0.1,rearm=5,span=40,window=250)",BUY_NOW,down,0.6799999999999999,medium,2,5.26543,"{""span"": 40, ""window"": 250, ""pct"": 0.1, ""rearm"": 5, ""_feasible"": true, ""_n_feasible"": 14, ""_score"": 1.5535}","{""dev_pct"": -23.297931263588147, ""pct_rank"": 0.032, ""window"": 250.0, ""span"": 40.0}"
2022-05-12,TJS,ml_localmin,"ml_localmin(fp_cost=3.0,gate_pct=0.2,gate_window=120,h=10,min_pos_rate=0.25,rearm=5,seed=0,tol_bps=10.0)",BUY_NOW,down,0.0442466298603794,medium,2,5.26543,"{""h"": 10, ""tol_bps"": 10.0, ""gate_window"": 120, ""gate_pct"": 0.2, ""fp_cost"": 3.0, ""min_pos_rate"": 0.25, ""rearm"": 5, ""seed"": 0, ""threshold"": 0.0004, ""_fitted"": true, ""_pos_rate_val"": 0.895}","{""proba"": 0.0442466298603794, ""pct_rank"": 0.008333333333333333, ""window"": 120.0}"
2022-05-19,TJS,dip_vs_trend,"dip_vs_trend(pct=0.1,rearm=5,span=40,window=250)",BUY_NOW,down,0.28000000000000014,medium,2,4.99425,"{""span"": 40, ""window"": 250, ""pct"": 0.1, ""rearm"": 5, ""_feasible"": true, ""_n_feasible"": 14, ""_score"": 1.5535}","{""dev_pct"": -21.22170594579145, ""pct_rank"": 0.072, ""window"": 250.0, ""span"": 40.0}"
2022-05-19,TJS,ml_localmin,"ml_localmin(fp_cost=3.0,gate_pct=0.2,gate_window=120,h=10,min_pos_rate=0.25,rearm=5,seed=0,tol_bps=10.0)",BUY_NOW,down,0.0412173255712594,medium,2,4.99425,"{""h"": 10, ""tol_bps"": 10.0, ""gate_window"": 120, ""gate_pct"": 0.2, ""fp_cost"": 3.0, ""min_pos_rate"": 0.25, ""rearm"": 5, ""seed"": 0, ""threshold"": 0.0004, ""_fitted"": true, ""_pos_rate_val"": 0.895}","{""proba"": 0.0412173255712594, ""pct_rank"": 0.008333333333333333, ""window"": 120.0}"
2022-05-23,TJS,reversal,"reversal(max_days_since_min=5,rearm=5,rise_bps=20,window=120)",WINDOW_CLOSING,up,1.0,slow,2,4.81064,"{""window"": 120, ""rise_bps"": 20, ""max_days_since_min"": 5, ""rearm"": 5, ""_feasible"": true, ""_n_feasible"": 10, ""_score"": 1.7596}","{""rise_pct"": 1.7087331018939442, ""min_rate"": 4.72982, ""days_since_min"": 1.0, ""window"": 120.0}"
2022-05-30,TJS,ml_localmin,"ml_localmin(fp_cost=3.0,gate_pct=0.2,gate_window=120,h=10,min_pos_rate=0.25,rearm=5,seed=0,tol_bps=10.0)",BUY_NOW,down,0.0006937188443541728,medium,2,5.53487,"{""h"": 10, ""tol_bps"": 10.0, ""gate_window"": 120, ""gate_pct"": 0.2, ""fp_cost"": 3.0, ""min_pos_rate"": 0.25, ""rearm"": 5, ""seed"": 0, ""threshold"": 0.0004, ""_fitted"": true, ""_pos_rate_val"": 0.895}","{""proba"": 0.0006937188443541728, ""pct_rank"": 0.125, ""window"": 120.0}"
2022-06-06,TJS,ml_localmin,"ml_localmin(fp_cost=3.0,gate_pct=0.2,gate_window=120,h=10,min_pos_rate=0.25,rearm=5,seed=0,tol_bps=10.0)",BUY_NOW,down,0.0035398906269151313,medium,2,5.36047,"{""h"": 10, ""tol_bps"": 10.0, ""gate_window"": 120, ""gate_pct"": 0.2, ""fp_cost"": 3.0, ""min_pos_rate"": 0.25, ""rearm"": 5, ""seed"": 0, ""threshold"": 0.0004, ""_fitted"": true, ""_pos_rate_val"": 0.895}","{""proba"": 0.0035398906269151313, ""pct_rank"": 0.1, ""window"": 120.0}"
2022-06-10,TJS,momentum,"momentum(n=5,rearm=2)",BUY_NOW,down,0.5,fast,2,5.1131,"{""n"": 5, ""rearm"": 2, ""_feasible"": true, ""_n_feasible"": 2, ""_score"": 0.9952}","{""streak"": 5.0, ""drop_pct"": -5.933280717343581}"
2022-06-14,TJS,ml_localmin,"ml_localmin(fp_cost=3.0,gate_pct=0.2,gate_window=120,h=10,min_pos_rate=0.25,rearm=5,seed=0,tol_bps=10.0)",BUY_NOW,down,0.000565527965152182,medium,2,5.1211,"{""h"": 10, ""tol_bps"": 10.0, ""gate_window"": 120, ""gate_pct"": 0.2, ""fp_cost"": 3.0, ""min_pos_rate"": 0.25, ""rearm"": 5, ""seed"": 0, ""threshold"": 0.0004, ""_fitted"": true, ""_pos_rate_val"": 0.895}","{""proba"": 0.000565527965152182, ""pct_rank"": 0.09166666666666666, ""window"": 120.0}"
2022-06-20,TJS,seasonality,"seasonality(from_day=20,min_share=0.5,min_years=4,rearm=20)",BUY_NOW,down,0.5714285714285714,slow,2,5.20648,"{""min_share"": 0.5, ""min_years"": 4, ""from_day"": 20, ""rearm"": 20, ""_feasible"": true, ""_n_feasible"": 4, ""_score"": 1.2074}","{""k_years"": 4.0, ""n_years"": 7.0, ""target_month"": 7.0}"
2022-06-21,TJS,ml_localmin,"ml_localmin(fp_cost=3.0,gate_pct=0.2,gate_window=120,h=10,min_pos_rate=0.25,rearm=5,seed=0,tol_bps=10.0)",BUY_NOW,down,0.006200424608234851,medium,2,5.15963,"{""h"": 10, ""tol_bps"": 10.0, ""gate_window"": 120, ""gate_pct"": 0.2, ""fp_cost"": 3.0, ""min_pos_rate"": 0.25, ""rearm"": 5, ""seed"": 0, ""threshold"": 0.0004, ""_fitted"": true, ""_pos_rate_val"": 0.895}","{""proba"": 0.006200424608234851, ""pct_rank"": 0.10833333333333334, ""window"": 120.0}"
2022-06-28,TJS,ml_localmin,"ml_localmin(fp_cost=3.0,gate_pct=0.2,gate_window=120,h=10,min_pos_rate=0.25,rearm=5,seed=0,tol_bps=10.0)",BUY_NOW,down,0.02917474755844579,medium,2,5.01357,"{""h"": 10, ""tol_bps"": 10.0, ""gate_window"": 120, ""gate_pct"": 0.2, ""fp_cost"": 3.0, ""min_pos_rate"": 0.25, ""rearm"": 5, ""seed"": 0, ""threshold"": 0.0004, ""_fitted"": true, ""_pos_rate_val"": 0.895}","{""proba"": 0.02917474755844579, ""pct_rank"": 0.05, ""window"": 120.0}"
2022-07-01,TJS,ml_localmin,"ml_localmin(fp_cost=3.0,gate_pct=0.2,gate_window=120,h=10,min_pos_rate=0.25,rearm=5,seed=0,tol_bps=10.0)",BUY_NOW,down,0.0006212608114073905,medium,3,5.08859,"{""h"": 10, ""tol_bps"": 10.0, ""gate_window"": 120, ""gate_pct"": 0.2, ""fp_cost"": 3.0, ""min_pos_rate"": 0.25, ""rearm"": 5, ""seed"": 0, ""threshold"": 0.0001, ""_fitted"": true, ""_pos_rate_val"": 1.0}","{""proba"": 0.0006212608114073905, ""pct_rank"": 0.13333333333333333, ""window"": 120.0}"
2022-07-18,TJS,momentum,"momentum(n=5,rearm=2)",BUY_NOW,down,0.5,fast,3,5.43506,"{""n"": 5, ""rearm"": 2, ""_feasible"": true, ""_n_feasible"": 2, ""_score"": 0.9148}","{""streak"": 5.0, ""drop_pct"": -6.766754781260243}"
2022-07-20,TJS,momentum,"momentum(n=5,rearm=2)",BUY_NOW,down,0.7,fast,3,5.29994,"{""n"": 5, ""rearm"": 2, ""_feasible"": true, ""_n_feasible"": 2, ""_score"": 0.9148}","{""streak"": 7.0, ""drop_pct"": -9.084608879275002}"
2022-07-20,TJS,seasonality,"seasonality(from_day=20,min_share=0.5,min_years=4,rearm=20)",BUY_NOW,down,0.7142857142857143,slow,3,5.29994,"{""min_share"": 0.5, ""min_years"": 4, ""from_day"": 20, ""rearm"": 20, ""_feasible"": true, ""_n_feasible"": 4, ""_score"": 1.1752}","{""k_years"": 5.0, ""n_years"": 7.0, ""target_month"": 8.0}"
2022-09-14,TJS,momentum,"momentum(n=5,rearm=2)",BUY_NOW,down,0.5,fast,3,5.83644,"{""n"": 5, ""rearm"": 2, ""_feasible"": true, ""_n_feasible"": 2, ""_score"": 0.9148}","{""streak"": 5.0, ""drop_pct"": -2.278598851742897}"
2022-09-30,TJS,level,"level(pct=0.05,rearm=3,stall_days=3,window=60)",BUY_NOW,down,0.0,medium,3,5.41083,"{""window"": 60, ""pct"": 0.05, ""stall_days"": 3, ""rearm"": 3, ""_feasible"": true, ""_n_feasible"": 2, ""_score"": 1.5535}","{""pct_rank"": 0.05, ""window"": 60.0, ""days_since_min"": 52.0}"
2022-10-19,TJS,momentum,"momentum(n=5,rearm=2)",BUY_NOW,down,0.5,fast,3,6.02806,"{""n"": 5, ""rearm"": 2, ""_feasible"": true, ""_n_feasible"": 2, ""_score"": 0.9148}","{""streak"": 5.0, ""drop_pct"": -3.3803710874889314}"
2022-10-20,TJS,seasonality,"seasonality(from_day=20,min_share=0.5,min_years=4,rearm=20)",BUY_NOW,down,0.7142857142857143,slow,3,6.01991,"{""min_share"": 0.5, ""min_years"": 4, ""from_day"": 20, ""rearm"": 20, ""_feasible"": true, ""_n_feasible"": 4, ""_score"": 1.1752}","{""k_years"": 5.0, ""n_years"": 7.0, ""target_month"": 11.0}"
2022-10-21,TJS,momentum,"momentum(n=5,rearm=2)",BUY_NOW,down,0.7,fast,3,5.98996,"{""n"": 5, ""rearm"": 2, ""_feasible"": true, ""_n_feasible"": 2, ""_score"": 0.9148}","{""streak"": 7.0, ""drop_pct"": -3.9910497903496656}"
2023-01-12,TJS,momentum,"momentum(n=5,rearm=2)",BUY_NOW,down,0.5,fast,4,6.62122,"{""n"": 5, ""rearm"": 2, ""_feasible"": true, ""_n_feasible"": 3, ""_score"": 1.1209}","{""streak"": 5.0, ""drop_pct"": -6.159454181087376}"
2023-02-20,TJS,seasonality,"seasonality(from_day=20,min_share=0.5,min_years=4,rearm=20)",BUY_NOW,down,0.5,slow,4,6.98119,"{""min_share"": 0.5, ""min_years"": 4, ""from_day"": 20, ""rearm"": 20, ""_feasible"": true, ""_n_feasible"": 4, ""_score"": 1.1752}","{""k_years"": 4.0, ""n_years"": 8.0, ""target_month"": 3.0}"
2023-05-04,TJS,momentum,"momentum(n=5,rearm=2)",BUY_NOW,down,0.5,fast,4,7.20283,"{""n"": 5, ""rearm"": 2, ""_feasible"": true, ""_n_feasible"": 3, ""_score"": 1.1209}","{""streak"": 5.0, ""drop_pct"": -3.6918333346704246}"
2023-05-10,TJS,momentum,"momentum(n=5,rearm=2)",BUY_NOW,down,0.7,fast,4,7.02734,"{""n"": 5, ""rearm"": 2, ""_feasible"": true, ""_n_feasible"": 3, ""_score"": 1.1209}","{""streak"": 7.0, ""drop_pct"": -6.038288848419693}"
2023-06-20,TJS,seasonality,"seasonality(from_day=20,min_share=0.5,min_years=4,rearm=20)",BUY_NOW,down,0.625,slow,4,7.71836,"{""min_share"": 0.5, ""min_years"": 4, ""from_day"": 20, ""rearm"": 20, ""_feasible"": true, ""_n_feasible"": 4, ""_score"": 1.1752}","{""k_years"": 5.0, ""n_years"": 8.0, ""target_month"": 7.0}"
2023-07-20,TJS,seasonality,"seasonality(from_day=20,min_share=0.5,min_years=4,rearm=20)",BUY_NOW,down,0.75,slow,5,8.31887,"{""min_share"": 0.5, ""min_years"": 4, ""from_day"": 20, ""rearm"": 20, ""_feasible"": true, ""_n_feasible"": 4, ""_score"": 1.1752}","{""k_years"": 6.0, ""n_years"": 8.0, ""target_month"": 8.0}"
2023-10-20,TJS,dip_vs_trend,"dip_vs_trend(pct=0.1,rearm=5,span=40,window=250)",BUY_NOW,down,0.8,medium,5,8.75056,"{""span"": 40, ""window"": 250, ""pct"": 0.1, ""rearm"": 5, ""_feasible"": true, ""_n_feasible"": 14, ""_score"": 1.1166}","{""dev_pct"": -1.394032934708056, ""pct_rank"": 0.02, ""window"": 250.0, ""span"": 40.0}"
2023-10-20,TJS,seasonality,"seasonality(from_day=20,min_share=0.5,min_years=4,rearm=20)",BUY_NOW,down,0.625,slow,5,8.75056,"{""min_share"": 0.5, ""min_years"": 4, ""from_day"": 20, ""rearm"": 20, ""_feasible"": true, ""_n_feasible"": 4, ""_score"": 1.1752}","{""k_years"": 5.0, ""n_years"": 8.0, ""target_month"": 11.0}"
2023-10-25,TJS,momentum,"momentum(n=5,rearm=2)",BUY_NOW,down,0.5,fast,5,8.50171,"{""n"": 5, ""rearm"": 2, ""_feasible"": true, ""_n_feasible"": 3, ""_score"": 1.0628}","{""streak"": 5.0, ""drop_pct"": -4.311207405948403}"
2023-10-27,TJS,dip_vs_trend,"dip_vs_trend(pct=0.1,rearm=5,span=40,window=250)",BUY_NOW,down,0.88,medium,5,8.5064,"{""span"": 40, ""window"": 250, ""pct"": 0.1, ""rearm"": 5, ""_feasible"": true, ""_n_feasible"": 14, ""_score"": 1.1166}","{""dev_pct"": -3.8607187474791305, ""pct_rank"": 0.012, ""window"": 250.0, ""span"": 40.0}"
2023-11-03,TJS,dip_vs_trend,"dip_vs_trend(pct=0.1,rearm=5,span=40,window=250)",BUY_NOW,down,0.6799999999999999,medium,5,8.49256,"{""span"": 40, ""window"": 250, ""pct"": 0.1, ""rearm"": 5, ""_feasible"": true, ""_n_feasible"": 14, ""_score"": 1.1166}","{""dev_pct"": -3.4427490465216537, ""pct_rank"": 0.032, ""window"": 250.0, ""span"": 40.0}"
2023-11-09,TJS,momentum,"momentum(n=5,rearm=2)",BUY_NOW,down,0.5,fast,5,8.39175,"{""n"": 5, ""rearm"": 2, ""_feasible"": true, ""_n_feasible"": 3, ""_score"": 1.0628}","{""streak"": 5.0, ""drop_pct"": -1.4663076827336585}"
2023-11-13,TJS,dip_vs_trend,"dip_vs_trend(pct=0.1,rearm=5,span=40,window=250)",BUY_NOW,down,0.6799999999999999,medium,5,8.41096,"{""span"": 40, ""window"": 250, ""pct"": 0.1, ""rearm"": 5, ""_feasible"": true, ""_n_feasible"": 14, ""_score"": 1.1166}","{""dev_pct"": -3.8978924819566996, ""pct_rank"": 0.032, ""window"": 250.0, ""span"": 40.0}"
2023-11-15,TJS,ml_localmin,"ml_localmin(fp_cost=3.0,gate_pct=0.2,gate_window=120,h=10,min_pos_rate=0.25,rearm=5,seed=0,tol_bps=10.0)",BUY_NOW,down,0.17926498804102584,medium,5,8.16686,"{""h"": 10, ""tol_bps"": 10.0, ""gate_window"": 120, ""gate_pct"": 0.2, ""fp_cost"": 3.0, ""min_pos_rate"": 0.25, ""rearm"": 5, ""seed"": 0, ""threshold"": 0.0007, ""_fitted"": true, ""_pos_rate_val"": 0.596}","{""proba"": 0.17926498804102584, ""pct_rank"": 0.2, ""window"": 120.0}"
2023-11-20,TJS,dip_vs_trend,"dip_vs_trend(pct=0.1,rearm=5,span=40,window=250)",BUY_NOW,down,0.96,medium,5,8.0803,"{""span"": 40, ""window"": 250, ""pct"": 0.1, ""rearm"": 5, ""_feasible"": true, ""_n_feasible"": 14, ""_score"": 1.1166}","{""dev_pct"": -6.849804142557058, ""pct_rank"": 0.004, ""window"": 250.0, ""span"": 40.0}"
2023-11-20,TJS,seasonality,"seasonality(from_day=20,min_share=0.5,min_years=4,rearm=20)",BUY_NOW,down,0.5,slow,5,8.0803,"{""min_share"": 0.5, ""min_years"": 4, ""from_day"": 20, ""rearm"": 20, ""_feasible"": true, ""_n_feasible"": 4, ""_score"": 1.1752}","{""k_years"": 4.0, ""n_years"": 8.0, ""target_month"": 12.0}"
2023-11-22,TJS,ml_localmin,"ml_localmin(fp_cost=3.0,gate_pct=0.2,gate_window=120,h=10,min_pos_rate=0.25,rearm=5,seed=0,tol_bps=10.0)",BUY_NOW,down,0.0061208788626525065,medium,5,8.05099,"{""h"": 10, ""tol_bps"": 10.0, ""gate_window"": 120, ""gate_pct"": 0.2, ""fp_cost"": 3.0, ""min_pos_rate"": 0.25, ""rearm"": 5, ""seed"": 0, ""threshold"": 0.0007, ""_fitted"": true, ""_pos_rate_val"": 0.596}","{""proba"": 0.0061208788626525065, ""pct_rank"": 0.15833333333333333, ""window"": 120.0}"
2023-11-27,TJS,dip_vs_trend,"dip_vs_trend(pct=0.1,rearm=5,span=40,window=250)",BUY_NOW,down,0.6400000000000001,medium,5,8.09821,"{""span"": 40, ""window"": 250, ""pct"": 0.1, ""rearm"": 5, ""_feasible"": true, ""_n_feasible"": 14, ""_score"": 1.1166}","{""dev_pct"": -5.617014370509155, ""pct_rank"": 0.036, ""window"": 250.0, ""span"": 40.0}"
2023-11-29,TJS,ml_localmin,"ml_localmin(fp_cost=3.0,gate_pct=0.2,gate_window=120,h=10,min_pos_rate=0.25,rearm=5,seed=0,tol_bps=10.0)",BUY_NOW,down,0.0011623689919856505,medium,5,8.11608,"{""h"": 10, ""tol_bps"": 10.0, ""gate_window"": 120, ""gate_pct"": 0.2, ""fp_cost"": 3.0, ""min_pos_rate"": 0.25, ""rearm"": 5, ""seed"": 0, ""threshold"": 0.0007, ""_fitted"": true, ""_pos_rate_val"": 0.596}","{""proba"": 0.0011623689919856505, ""pct_rank"": 0.175, ""window"": 120.0}"
2023-12-12,TJS,ml_localmin,"ml_localmin(fp_cost=3.0,gate_pct=0.2,gate_window=120,h=10,min_pos_rate=0.25,rearm=5,seed=0,tol_bps=10.0)",BUY_NOW,down,0.003723805046538898,medium,5,8.22724,"{""h"": 10, ""tol_bps"": 10.0, ""gate_window"": 120, ""gate_pct"": 0.2, ""fp_cost"": 3.0, ""min_pos_rate"": 0.25, ""rearm"": 5, ""seed"": 0, ""threshold"": 0.0007, ""_fitted"": true, ""_pos_rate_val"": 0.596}","{""proba"": 0.003723805046538898, ""pct_rank"": 0.16666666666666666, ""window"": 120.0}"
2023-12-13,TJS,momentum,"momentum(n=5,rearm=2)",BUY_NOW,down,0.5,fast,5,8.19934,"{""n"": 5, ""rearm"": 2, ""_feasible"": true, ""_n_feasible"": 3, ""_score"": 1.0628}","{""streak"": 5.0, ""drop_pct"": -3.1297516023274463}"
2023-12-19,TJS,ml_localmin,"ml_localmin(fp_cost=3.0,gate_pct=0.2,gate_window=120,h=10,min_pos_rate=0.25,rearm=5,seed=0,tol_bps=10.0)",BUY_NOW,down,0.002026418543582658,medium,5,8.22007,"{""h"": 10, ""tol_bps"": 10.0, ""gate_window"": 120, ""gate_pct"": 0.2, ""fp_cost"": 3.0, ""min_pos_rate"": 0.25, ""rearm"": 5, ""seed"": 0, ""threshold"": 0.0007, ""_fitted"": true, ""_pos_rate_val"": 0.596}","{""proba"": 0.002026418543582658, ""pct_rank"": 0.15, ""window"": 120.0}"
2023-12-28,TJS,ml_localmin,"ml_localmin(fp_cost=3.0,gate_pct=0.2,gate_window=120,h=10,min_pos_rate=0.25,rearm=5,seed=0,tol_bps=10.0)",BUY_NOW,down,0.027220740765352924,medium,5,8.24326,"{""h"": 10, ""tol_bps"": 10.0, ""gate_window"": 120, ""gate_pct"": 0.2, ""fp_cost"": 3.0, ""min_pos_rate"": 0.25, ""rearm"": 5, ""seed"": 0, ""threshold"": 0.0007, ""_fitted"": true, ""_pos_rate_val"": 0.596}","{""proba"": 0.027220740765352924, ""pct_rank"": 0.15833333333333333, ""window"": 120.0}"
2024-01-12,TJS,level,"level(pct=0.05,rearm=5,stall_days=3,window=120)",BUY_NOW,down,0.5,medium,6,8.04759,"{""window"": 120, ""pct"": 0.05, ""stall_days"": 3, ""rearm"": 5, ""_feasible"": true, ""_n_feasible"": 5, ""_score"": 1.5983}","{""pct_rank"": 0.025, ""window"": 120.0, ""days_since_min"": 32.0}"
2024-01-15,TJS,ml_localmin,"ml_localmin(fp_cost=3.0,gate_pct=0.2,gate_window=120,h=10,min_pos_rate=0.25,rearm=5,seed=0,tol_bps=10.0)",BUY_NOW,down,0.2638530923243038,medium,6,8.00603,"{""h"": 10, ""tol_bps"": 10.0, ""gate_window"": 120, ""gate_pct"": 0.2, ""fp_cost"": 3.0, ""min_pos_rate"": 0.25, ""rearm"": 5, ""seed"": 0, ""threshold"": 0.1318, ""_fitted"": true, ""_pos_rate_val"": 0.667}","{""proba"": 0.2638530923243038, ""pct_rank"": 0.008333333333333333, ""window"": 120.0}"
2024-01-16,TJS,momentum,"momentum(n=5,rearm=2)",BUY_NOW,down,0.5,fast,6,8.00352,"{""n"": 5, ""rearm"": 2, ""_feasible"": true, ""_n_feasible"": 3, ""_score"": 1.0628}","{""streak"": 5.0, ""drop_pct"": -2.977522505376329}"
2024-01-17,TJS,reversal,"reversal(max_days_since_min=5,rearm=5,rise_bps=20,window=120)",WINDOW_CLOSING,up,1.0,slow,6,8.06849,"{""window"": 120, ""rise_bps"": 20, ""max_days_since_min"": 5, ""rearm"": 5, ""_feasible"": true, ""_n_feasible"": 17, ""_score"": 1.5976}","{""rise_pct"": 0.8117678221582603, ""min_rate"": 8.00352, ""days_since_min"": 1.0, ""window"": 120.0}"
2024-01-22,TJS,level,"level(pct=0.05,rearm=5,stall_days=3,window=120)",BUY_NOW,down,0.33333333333333337,medium,6,8.0302,"{""window"": 120, ""pct"": 0.05, ""stall_days"": 3, ""rearm"": 5, ""_feasible"": true, ""_n_feasible"": 5, ""_score"": 1.5983}","{""pct_rank"": 0.03333333333333333, ""window"": 120.0, ""days_since_min"": 4.0}"
2024-02-20,TJS,seasonality,"seasonality(from_day=20,min_share=0.5,min_years=4,rearm=20)",BUY_NOW,down,0.5555555555555556,slow,6,8.42931,"{""min_share"": 0.5, ""min_years"": 4, ""from_day"": 20, ""rearm"": 20, ""_feasible"": true, ""_n_feasible"": 4, ""_score"": 1.1752}","{""k_years"": 5.0, ""n_years"": 9.0, ""target_month"": 3.0}"
2024-04-24,TJS,momentum,"momentum(n=5,rearm=2)",BUY_NOW,down,0.5,fast,6,8.46216,"{""n"": 5, ""rearm"": 2, ""_feasible"": true, ""_n_feasible"": 3, ""_score"": 1.0628}","{""streak"": 5.0, ""drop_pct"": -1.996854508267909}"
2024-04-26,TJS,momentum,"momentum(n=5,rearm=2)",BUY_NOW,down,0.7,fast,6,8.41365,"{""n"": 5, ""rearm"": 2, ""_feasible"": true, ""_n_feasible"": 3, ""_score"": 1.0628}","{""streak"": 7.0, ""drop_pct"": -2.5586652738175952}"
2024-06-18,TJS,ml_localmin,"ml_localmin(fp_cost=3.0,gate_pct=0.2,gate_window=120,h=10,min_pos_rate=0.25,rearm=5,seed=0,tol_bps=10.0)",BUY_NOW,down,0.20589079740447702,medium,6,8.09353,"{""h"": 10, ""tol_bps"": 10.0, ""gate_window"": 120, ""gate_pct"": 0.2, ""fp_cost"": 3.0, ""min_pos_rate"": 0.25, ""rearm"": 5, ""seed"": 0, ""threshold"": 0.1318, ""_fitted"": true, ""_pos_rate_val"": 0.667}","{""proba"": 0.20589079740447702, ""pct_rank"": 0.075, ""window"": 120.0}"
2024-06-19,TJS,dip_vs_trend,"dip_vs_trend(pct=0.1,rearm=5,span=40,window=250)",BUY_NOW,down,0.96,medium,6,7.70613,"{""span"": 40, ""window"": 250, ""pct"": 0.1, ""rearm"": 5, ""_feasible"": true, ""_n_feasible"": 13, ""_score"": 1.1166}","{""dev_pct"": -7.505838775470474, ""pct_rank"": 0.004, ""window"": 250.0, ""span"": 40.0}"
2024-06-20,TJS,reversal,"reversal(max_days_since_min=5,rearm=5,rise_bps=20,window=120)",WINDOW_CLOSING,up,1.0,slow,6,8.01832,"{""window"": 120, ""rise_bps"": 20, ""max_days_since_min"": 5, ""rearm"": 5, ""_feasible"": true, ""_n_feasible"": 17, ""_score"": 1.5976}","{""rise_pct"": 4.051190415941575, ""min_rate"": 7.70613, ""days_since_min"": 1.0, ""window"": 120.0}"
2024-06-20,TJS,seasonality,"seasonality(from_day=20,min_share=0.5,min_years=4,rearm=20)",BUY_NOW,down,0.6666666666666666,slow,6,8.01832,"{""min_share"": 0.5, ""min_years"": 4, ""from_day"": 20, ""rearm"": 20, ""_feasible"": true, ""_n_feasible"": 4, ""_score"": 1.1752}","{""k_years"": 6.0, ""n_years"": 9.0, ""target_month"": 7.0}"
2024-06-27,TJS,dip_vs_trend,"dip_vs_trend(pct=0.1,rearm=5,span=40,window=250)",BUY_NOW,down,0.08000000000000007,medium,6,7.9567,"{""span"": 40, ""window"": 250, ""pct"": 0.1, ""rearm"": 5, ""_feasible"": true, ""_n_feasible"": 13, ""_score"": 1.1166}","{""dev_pct"": -3.845404360304616, ""pct_rank"": 0.092, ""window"": 250.0, ""span"": 40.0}"
2024-06-27,TJS,level,"level(pct=0.05,rearm=5,stall_days=3,window=120)",BUY_NOW,down,0.6666666666666667,medium,6,7.9567,"{""window"": 120, ""pct"": 0.05, ""stall_days"": 3, ""rearm"": 5, ""_feasible"": true, ""_n_feasible"": 5, ""_score"": 1.5983}","{""pct_rank"": 0.016666666666666666, ""window"": 120.0, ""days_since_min"": 6.0}"
2024-07-12,TJS,ml_localmin,"ml_localmin(fp_cost=3.0,gate_pct=0.2,gate_window=120,h=10,min_pos_rate=0.25,rearm=5,seed=0,tol_bps=10.0)",BUY_NOW,down,0.0033970246034220825,medium,7,8.23141,"{""h"": 10, ""tol_bps"": 10.0, ""gate_window"": 120, ""gate_pct"": 0.2, ""fp_cost"": 3.0, ""min_pos_rate"": 0.25, ""rearm"": 5, ""seed"": 0, ""threshold"": 0.0011, ""_fitted"": true, ""_pos_rate_val"": 0.8}","{""proba"": 0.0033970246034220825, ""pct_rank"": 0.18333333333333332, ""window"": 120.0}"
2024-07-22,TJS,ml_localmin,"ml_localmin(fp_cost=3.0,gate_pct=0.2,gate_window=120,h=10,min_pos_rate=0.25,rearm=5,seed=0,tol_bps=10.0)",BUY_NOW,down,0.0012328298404366842,medium,7,8.23364,"{""h"": 10, ""tol_bps"": 10.0, ""gate_window"": 120, ""gate_pct"": 0.2, ""fp_cost"": 3.0, ""min_pos_rate"": 0.25, ""rearm"": 5, ""seed"": 0, ""threshold"": 0.0011, ""_fitted"": true, ""_pos_rate_val"": 0.8}","{""proba"": 0.0012328298404366842, ""pct_rank"": 0.15, ""window"": 120.0}"
2024-07-24,TJS,level,"level(pct=0.05,rearm=5,stall_days=3,window=120)",BUY_NOW,down,0.0,medium,7,8.1203,"{""window"": 120, ""pct"": 0.05, ""stall_days"": 3, ""rearm"": 5, ""_feasible"": true, ""_n_feasible"": 6, ""_score"": 1.5983}","{""pct_rank"": 0.05, ""window"": 120.0, ""days_since_min"": 25.0}"
2024-07-24,TJS,seasonality,"seasonality(from_day=24,min_share=0.5,min_years=4,rearm=20)",BUY_NOW,down,0.7777777777777778,slow,7,8.1203,"{""min_share"": 0.5, ""min_years"": 4, ""from_day"": 24, ""rearm"": 20, ""_feasible"": true, ""_n_feasible"": 4, ""_score"": 1.235}","{""k_years"": 7.0, ""n_years"": 9.0, ""target_month"": 8.0}"
2024-07-25,TJS,dip_vs_trend,"dip_vs_trend(pct=0.1,rearm=5,span=40,window=120)",BUY_NOW,down,0.33333333333333337,medium,7,8.01332,"{""span"": 40, ""window"": 120, ""pct"": 0.1, ""rearm"": 5, ""_feasible"": true, ""_n_feasible"": 13, ""_score"": 0.8576}","{""dev_pct"": -2.3930709034315822, ""pct_rank"": 0.06666666666666667, ""window"": 120.0, ""span"": 40.0}"
2024-07-30,TJS,ml_localmin,"ml_localmin(fp_cost=3.0,gate_pct=0.2,gate_window=120,h=10,min_pos_rate=0.25,rearm=5,seed=0,tol_bps=10.0)",BUY_NOW,down,0.01696767974642694,medium,7,8.12602,"{""h"": 10, ""tol_bps"": 10.0, ""gate_window"": 120, ""gate_pct"": 0.2, ""fp_cost"": 3.0, ""min_pos_rate"": 0.25, ""rearm"": 5, ""seed"": 0, ""threshold"": 0.0011, ""_fitted"": true, ""_pos_rate_val"": 0.8}","{""proba"": 0.01696767974642694, ""pct_rank"": 0.075, ""window"": 120.0}"
2024-08-05,TJS,dip_vs_trend,"dip_vs_trend(pct=0.1,rearm=5,span=40,window=120)",BUY_NOW,down,0.16666666666666674,medium,7,8.01206,"{""span"": 40, ""window"": 120, ""pct"": 0.1, ""rearm"": 5, ""_feasible"": true, ""_n_feasible"": 13, ""_score"": 0.8576}","{""dev_pct"": -1.979864671566478, ""pct_rank"": 0.08333333333333333, ""window"": 120.0, ""span"": 40.0}"
2024-08-05,TJS,level,"level(pct=0.05,rearm=5,stall_days=3,window=120)",BUY_NOW,down,0.5,medium,7,8.01206,"{""window"": 120, ""pct"": 0.05, ""stall_days"": 3, ""rearm"": 5, ""_feasible"": true, ""_n_feasible"": 6, ""_score"": 1.5983}","{""pct_rank"": 0.025, ""window"": 120.0, ""days_since_min"": 33.0}"
2024-08-05,TJS,momentum,"momentum(n=5,rearm=2)",BUY_NOW,down,0.5,fast,7,8.01206,"{""n"": 5, ""rearm"": 2, ""_feasible"": true, ""_n_feasible"": 3, ""_score"": 1.0292}","{""streak"": 5.0, ""drop_pct"": -1.4703097291806522}"
2024-10-24,TJS,seasonality,"seasonality(from_day=24,min_share=0.5,min_years=4,rearm=20)",BUY_NOW,down,0.5555555555555556,slow,7,9.06648,"{""min_share"": 0.5, ""min_years"": 4, ""from_day"": 24, ""rearm"": 20, ""_feasible"": true, ""_n_feasible"": 4, ""_score"": 1.235}","{""k_years"": 5.0, ""n_years"": 9.0, ""target_month"": 11.0}"
2024-11-25,TJS,seasonality,"seasonality(from_day=24,min_share=0.5,min_years=4,rearm=20)",BUY_NOW,down,0.5555555555555556,slow,7,9.72771,"{""min_share"": 0.5, ""min_years"": 4, ""from_day"": 24, ""rearm"": 20, ""_feasible"": true, ""_n_feasible"": 4, ""_score"": 1.235}","{""k_years"": 5.0, ""n_years"": 9.0, ""target_month"": 12.0}"
2024-12-05,TJS,momentum,"momentum(n=5,rearm=2)",BUY_NOW,down,0.5,fast,7,9.46494,"{""n"": 5, ""rearm"": 2, ""_feasible"": true, ""_n_feasible"": 3, ""_score"": 1.0292}","{""streak"": 5.0, ""drop_pct"": -7.6250558742638646}"
2024-12-06,TJS,dip_vs_trend,"dip_vs_trend(pct=0.1,rearm=5,span=40,window=120)",BUY_NOW,down,0.75,medium,7,9.10537,"{""span"": 40, ""window"": 120, ""pct"": 0.1, ""rearm"": 5, ""_feasible"": true, ""_n_feasible"": 13, ""_score"": 0.8576}","{""dev_pct"": -2.4376366909155345, ""pct_rank"": 0.025, ""window"": 120.0, ""span"": 40.0}"
2024-12-23,TJS,dip_vs_trend,"dip_vs_trend(pct=0.1,rearm=5,span=40,window=120)",BUY_NOW,down,0.33333333333333337,medium,7,9.30014,"{""span"": 40, ""window"": 120, ""pct"": 0.1, ""rearm"": 5, ""_feasible"": true, ""_n_feasible"": 13, ""_score"": 0.8576}","{""dev_pct"": -1.2358737234696493, ""pct_rank"": 0.06666666666666667, ""window"": 120.0, ""span"": 40.0}"
2024-12-26,TJS,momentum,"momentum(n=5,rearm=2)",BUY_NOW,down,0.5,fast,7,9.07914,"{""n"": 5, ""rearm"": 2, ""_feasible"": true, ""_n_feasible"": 3, ""_score"": 1.0292}","{""streak"": 5.0, ""drop_pct"": -4.2561538120838405}"
2024-12-28,TJS,dip_vs_trend,"dip_vs_trend(pct=0.1,rearm=5,span=40,window=120)",BUY_NOW,down,0.0,medium,7,9.30026,"{""span"": 40, ""window"": 120, ""pct"": 0.1, ""rearm"": 5, ""_feasible"": true, ""_n_feasible"": 13, ""_score"": 0.8576}","{""dev_pct"": -1.2795432279089414, ""pct_rank"": 0.1, ""window"": 120.0, ""span"": 40.0}"
2025-01-20,TJS,dip_vs_trend,"dip_vs_trend(pct=0.1,rearm=5,span=40,window=120)",BUY_NOW,down,0.08333333333333348,medium,8,9.3188,"{""span"": 40, ""window"": 120, ""pct"": 0.1, ""rearm"": 5, ""_feasible"": true, ""_n_feasible"": 14, ""_score"": 0.9832}","{""dev_pct"": -1.391179791921815, ""pct_rank"": 0.09166666666666666, ""window"": 120.0, ""span"": 40.0}"
2025-01-24,TJS,seasonality,"seasonality(from_day=24,min_share=0.5,min_years=4,rearm=20)",BUY_NOW,down,0.5,slow,8,8.9763,"{""min_share"": 0.5, ""min_years"": 4, ""from_day"": 24, ""rearm"": 20, ""_feasible"": true, ""_n_feasible"": 4, ""_score"": 1.235}","{""k_years"": 5.0, ""n_years"": 10.0, ""target_month"": 2.0}"
2025-01-27,TJS,dip_vs_trend,"dip_vs_trend(pct=0.1,rearm=5,span=40,window=120)",BUY_NOW,down,0.9166666666666666,medium,8,8.87147,"{""span"": 40, ""window"": 120, ""pct"": 0.1, ""rearm"": 5, ""_feasible"": true, ""_n_feasible"": 14, ""_score"": 0.9832}","{""dev_pct"": -5.631702366392933, ""pct_rank"": 0.008333333333333333, ""window"": 120.0, ""span"": 40.0}"
2025-02-05,TJS,dip_vs_trend,"dip_vs_trend(pct=0.1,rearm=5,span=40,window=120)",BUY_NOW,down,0.0,medium,8,8.96238,"{""span"": 40, ""window"": 120, ""pct"": 0.1, ""rearm"": 5, ""_feasible"": true, ""_n_feasible"": 14, ""_score"": 0.9832}","{""dev_pct"": -3.036292149045028, ""pct_rank"": 0.1, ""window"": 120.0, ""span"": 40.0}"
2025-02-12,TJS,dip_vs_trend,"dip_vs_trend(pct=0.1,rearm=5,span=40,window=120)",BUY_NOW,down,0.9166666666666666,medium,8,8.59196,"{""span"": 40, ""window"": 120, ""pct"": 0.1, ""rearm"": 5, ""_feasible"": true, ""_n_feasible"": 14, ""_score"": 0.9832}","{""dev_pct"": -6.273385401008225, ""pct_rank"": 0.008333333333333333, ""window"": 120.0, ""span"": 40.0}"
2025-02-12,TJS,ml_localmin,"ml_localmin(fp_cost=3.0,gate_pct=0.2,gate_window=120,h=10,min_pos_rate=0.25,rearm=5,seed=0,tol_bps=10.0)",BUY_NOW,down,0.027588666341496176,medium,8,8.59196,"{""h"": 10, ""tol_bps"": 10.0, ""gate_window"": 120, ""gate_pct"": 0.2, ""fp_cost"": 3.0, ""min_pos_rate"": 0.25, ""rearm"": 5, ""seed"": 0, ""threshold"": 0.0016, ""_fitted"": true, ""_pos_rate_val"": 0.77}","{""proba"": 0.027588666341496176, ""pct_rank"": 0.16666666666666666, ""window"": 120.0}"
2025-02-13,TJS,level,"level(pct=0.05,rearm=5,stall_days=3,window=120)",BUY_NOW,down,0.6666666666666667,medium,8,8.31959,"{""window"": 120, ""pct"": 0.05, ""stall_days"": 3, ""rearm"": 5, ""_feasible"": true, ""_n_feasible"": 6, ""_score"": 1.5522}","{""pct_rank"": 0.016666666666666666, ""window"": 120.0, ""days_since_min"": 110.0}"
2025-02-14,TJS,momentum,"momentum(n=5,rearm=2)",BUY_NOW,down,0.5,fast,8,8.25366,"{""n"": 5, ""rearm"": 2, ""_feasible"": true, ""_n_feasible"": 3, ""_score"": 1.0292}","{""streak"": 5.0, ""drop_pct"": -7.157094777005868}"
2025-02-17,TJS,reversal,"reversal(max_days_since_min=5,rearm=5,rise_bps=20,window=120)",WINDOW_CLOSING,up,1.0,slow,8,8.35615,"{""window"": 120, ""rise_bps"": 20, ""max_days_since_min"": 5, ""rearm"": 5, ""_feasible"": true, ""_n_feasible"": 19, ""_score"": 1.5976}","{""rise_pct"": 1.2417521438973678, ""min_rate"": 8.25366, ""days_since_min"": 1.0, ""window"": 120.0}"
2025-02-19,TJS,dip_vs_trend,"dip_vs_trend(pct=0.1,rearm=5,span=40,window=120)",BUY_NOW,down,0.75,medium,8,8.25717,"{""span"": 40, ""window"": 120, ""pct"": 0.1, ""rearm"": 5, ""_feasible"": true, ""_n_feasible"": 14, ""_score"": 0.9832}","{""dev_pct"": -8.557876830040279, ""pct_rank"": 0.025, ""window"": 120.0, ""span"": 40.0}"
2025-02-19,TJS,ml_localmin,"ml_localmin(fp_cost=3.0,gate_pct=0.2,gate_window=120,h=10,min_pos_rate=0.25,rearm=5,seed=0,tol_bps=10.0)",BUY_NOW,down,0.02509203896122514,medium,8,8.25717,"{""h"": 10, ""tol_bps"": 10.0, ""gate_window"": 120, ""gate_pct"": 0.2, ""fp_cost"": 3.0, ""min_pos_rate"": 0.25, ""rearm"": 5, ""seed"": 0, ""threshold"": 0.0016, ""_fitted"": true, ""_pos_rate_val"": 0.77}","{""proba"": 0.02509203896122514, ""pct_rank"": 0.016666666666666666, ""window"": 120.0}"
2025-02-24,TJS,seasonality,"seasonality(from_day=24,min_share=0.5,min_years=4,rearm=20)",BUY_NOW,down,0.6,slow,8,8.06349,"{""min_share"": 0.5, ""min_years"": 4, ""from_day"": 24, ""rearm"": 20, ""_feasible"": true, ""_n_feasible"": 4, ""_score"": 1.235}","{""k_years"": 6.0, ""n_years"": 10.0, ""target_month"": 3.0}"
2025-02-26,TJS,dip_vs_trend,"dip_vs_trend(pct=0.1,rearm=5,span=40,window=120)",BUY_NOW,down,0.9166666666666666,medium,8,7.85138,"{""span"": 40, ""window"": 120, ""pct"": 0.1, ""rearm"": 5, ""_feasible"": true, ""_n_feasible"": 14, ""_score"": 0.9832}","{""dev_pct"": -11.32339307759035, ""pct_rank"": 0.008333333333333333, ""window"": 120.0, ""span"": 40.0}"
2025-02-26,TJS,ml_localmin,"ml_localmin(fp_cost=3.0,gate_pct=0.2,gate_window=120,h=10,min_pos_rate=0.25,rearm=5,seed=0,tol_bps=10.0)",BUY_NOW,down,0.06711527290636038,medium,8,7.85138,"{""h"": 10, ""tol_bps"": 10.0, ""gate_window"": 120, ""gate_pct"": 0.2, ""fp_cost"": 3.0, ""min_pos_rate"": 0.25, ""rearm"": 5, ""seed"": 0, ""threshold"": 0.0016, ""_fitted"": true, ""_pos_rate_val"": 0.77}","{""proba"": 0.06711527290636038, ""pct_rank"": 0.008333333333333333, ""window"": 120.0}"
2025-02-27,TJS,reversal,"reversal(max_days_since_min=5,rearm=5,rise_bps=20,window=120)",WINDOW_CLOSING,up,1.0,slow,8,8.01505,"{""window"": 120, ""rise_bps"": 20, ""max_days_since_min"": 5, ""rearm"": 5, ""_feasible"": true, ""_n_feasible"": 19, ""_score"": 1.5976}","{""rise_pct"": 2.084601687856158, ""min_rate"": 7.85138, ""days_since_min"": 1.0, ""window"": 120.0}"
2025-03-07,TJS,ml_localmin,"ml_localmin(fp_cost=3.0,gate_pct=0.2,gate_window=120,h=10,min_pos_rate=0.25,rearm=5,seed=0,tol_bps=10.0)",BUY_NOW,down,0.0017811072517462682,medium,8,8.15452,"{""h"": 10, ""tol_bps"": 10.0, ""gate_window"": 120, ""gate_pct"": 0.2, ""fp_cost"": 3.0, ""min_pos_rate"": 0.25, ""rearm"": 5, ""seed"": 0, ""threshold"": 0.0016, ""_fitted"": true, ""_pos_rate_val"": 0.77}","{""proba"": 0.0017811072517462682, ""pct_rank"": 0.06666666666666667, ""window"": 120.0}"
2025-03-10,TJS,level,"level(pct=0.05,rearm=5,stall_days=3,window=120)",BUY_NOW,down,0.0,medium,8,8.07255,"{""window"": 120, ""pct"": 0.05, ""stall_days"": 3, ""rearm"": 5, ""_feasible"": true, ""_n_feasible"": 6, ""_score"": 1.5522}","{""pct_rank"": 0.05, ""window"": 120.0, ""days_since_min"": 8.0}"
2025-03-11,TJS,dip_vs_trend,"dip_vs_trend(pct=0.1,rearm=5,span=40,window=120)",BUY_NOW,down,0.0,medium,8,7.9063,"{""span"": 40, ""window"": 120, ""pct"": 0.1, ""rearm"": 5, ""_feasible"": true, ""_n_feasible"": 14, ""_score"": 0.9832}","{""dev_pct"": -8.010735202933128, ""pct_rank"": 0.1, ""window"": 120.0, ""span"": 40.0}"
2025-03-14,TJS,ml_localmin,"ml_localmin(fp_cost=3.0,gate_pct=0.2,gate_window=120,h=10,min_pos_rate=0.25,rearm=5,seed=0,tol_bps=10.0)",BUY_NOW,down,0.11310752780818896,medium,8,7.82807,"{""h"": 10, ""tol_bps"": 10.0, ""gate_window"": 120, ""gate_pct"": 0.2, ""fp_cost"": 3.0, ""min_pos_rate"": 0.25, ""rearm"": 5, ""seed"": 0, ""threshold"": 0.0016, ""_fitted"": true, ""_pos_rate_val"": 0.77}","{""proba"": 0.11310752780818896, ""pct_rank"": 0.008333333333333333, ""window"": 120.0}"
2025-03-18,TJS,dip_vs_trend,"dip_vs_trend(pct=0.1,rearm=5,span=40,window=120)",BUY_NOW,down,0.8333333333333334,medium,8,7.45725,"{""span"": 40, ""window"": 120, ""pct"": 0.1, ""rearm"": 5, ""_feasible"": true, ""_n_feasible"": 14, ""_score"": 0.9832}","{""dev_pct"": -11.24265637050932, ""pct_rank"": 0.016666666666666666, ""window"": 120.0, ""span"": 40.0}"
2025-03-19,TJS,reversal,"reversal(max_days_since_min=5,rearm=5,rise_bps=20,window=120)",WINDOW_CLOSING,up,1.0,slow,8,7.58049,"{""window"": 120, ""rise_bps"": 20, ""max_days_since_min"": 5, ""rearm"": 5, ""_feasible"": true, ""_n_feasible"": 19, ""_score"": 1.5976}","{""rise_pct"": 1.6526199336216463, ""min_rate"": 7.45725, ""days_since_min"": 1.0, ""window"": 120.0}"
2025-03-21,TJS,level,"level(pct=0.05,rearm=5,stall_days=3,window=120)",BUY_NOW,down,0.16666666666666674,medium,8,7.74489,"{""window"": 120, ""pct"": 0.05, ""stall_days"": 3, ""rearm"": 5, ""_feasible"": true, ""_n_feasible"": 6, ""_score"": 1.5522}","{""pct_rank"": 0.041666666666666664, ""window"": 120.0, ""days_since_min"": 3.0}"
2025-03-21,TJS,ml_localmin,"ml_localmin(fp_cost=3.0,gate_pct=0.2,gate_window=120,h=10,min_pos_rate=0.25,rearm=5,seed=0,tol_bps=10.0)",BUY_NOW,down,0.0017768667805862044,medium,8,7.74489,"{""h"": 10, ""tol_bps"": 10.0, ""gate_window"": 120, ""gate_pct"": 0.2, ""fp_cost"": 3.0, ""min_pos_rate"": 0.25, ""rearm"": 5, ""seed"": 0, ""threshold"": 0.0016, ""_fitted"": true, ""_pos_rate_val"": 0.77}","{""proba"": 0.0017768667805862044, ""pct_rank"": 0.041666666666666664, ""window"": 120.0}"
2025-03-28,TJS,level,"level(pct=0.05,rearm=5,stall_days=3,window=120)",BUY_NOW,down,0.33333333333333337,medium,8,7.67423,"{""window"": 120, ""pct"": 0.05, ""stall_days"": 3, ""rearm"": 5, ""_feasible"": true, ""_n_feasible"": 6, ""_score"": 1.5522}","{""pct_rank"": 0.03333333333333333, ""window"": 120.0, ""days_since_min"": 8.0}"
2025-03-28,TJS,ml_localmin,"ml_localmin(fp_cost=3.0,gate_pct=0.2,gate_window=120,h=10,min_pos_rate=0.25,rearm=5,seed=0,tol_bps=10.0)",BUY_NOW,down,0.06087453583119141,medium,8,7.67423,"{""h"": 10, ""tol_bps"": 10.0, ""gate_window"": 120, ""gate_pct"": 0.2, ""fp_cost"": 3.0, ""min_pos_rate"": 0.25, ""rearm"": 5, ""seed"": 0, ""threshold"": 0.0016, ""_fitted"": true, ""_pos_rate_val"": 0.77}","{""proba"": 0.06087453583119141, ""pct_rank"": 0.03333333333333333, ""window"": 120.0}"
2025-04-11,TJS,ml_localmin,"ml_localmin(fp_cost=3.0,gate_pct=0.2,gate_window=120,h=10,min_pos_rate=0.25,rearm=5,seed=0,tol_bps=10.0)",BUY_NOW,down,0.004631982189303148,medium,8,7.70827,"{""h"": 10, ""tol_bps"": 10.0, ""gate_window"": 120, ""gate_pct"": 0.2, ""fp_cost"": 3.0, ""min_pos_rate"": 0.25, ""rearm"": 5, ""seed"": 0, ""threshold"": 0.0016, ""_fitted"": true, ""_pos_rate_val"": 0.77}","{""proba"": 0.004631982189303148, ""pct_rank"": 0.075, ""window"": 120.0}"
2025-04-14,TJS,level,"level(pct=0.05,rearm=5,stall_days=3,window=120)",BUY_NOW,down,0.5,medium,8,7.60105,"{""window"": 120, ""pct"": 0.05, ""stall_days"": 3, ""rearm"": 5, ""_feasible"": true, ""_n_feasible"": 6, ""_score"": 1.5522}","{""pct_rank"": 0.025, ""window"": 120.0, ""days_since_min"": 19.0}"
2025-04-18,TJS,ml_localmin,"ml_localmin(fp_cost=3.0,gate_pct=0.2,gate_window=120,h=10,min_pos_rate=0.25,rearm=5,seed=0,tol_bps=10.0)",BUY_NOW,down,0.2595921256281137,medium,8,7.50234,"{""h"": 10, ""tol_bps"": 10.0, ""gate_window"": 120, ""gate_pct"": 0.2, ""fp_cost"": 3.0, ""min_pos_rate"": 0.25, ""rearm"": 5, ""seed"": 0, ""threshold"": 0.0016, ""_fitted"": true, ""_pos_rate_val"": 0.77}","{""proba"": 0.2595921256281137, ""pct_rank"": 0.016666666666666666, ""window"": 120.0}"
2025-04-21,TJS,level,"level(pct=0.05,rearm=5,stall_days=3,window=120)",BUY_NOW,down,0.5,medium,8,7.53904,"{""window"": 120, ""pct"": 0.05, ""stall_days"": 3, ""rearm"": 5, ""_feasible"": true, ""_n_feasible"": 6, ""_score"": 1.5522}","{""pct_rank"": 0.025, ""window"": 120.0, ""days_since_min"": 24.0}"
2025-04-29,TJS,ml_localmin,"ml_localmin(fp_cost=3.0,gate_pct=0.2,gate_window=120,h=10,min_pos_rate=0.25,rearm=5,seed=0,tol_bps=10.0)",BUY_NOW,down,0.004573913059918052,medium,8,7.695,"{""h"": 10, ""tol_bps"": 10.0, ""gate_window"": 120, ""gate_pct"": 0.2, ""fp_cost"": 3.0, ""min_pos_rate"": 0.25, ""rearm"": 5, ""seed"": 0, ""threshold"": 0.0016, ""_fitted"": true, ""_pos_rate_val"": 0.77}","{""proba"": 0.004573913059918052, ""pct_rank"": 0.10833333333333334, ""window"": 120.0}"
2025-05-14,TJS,ml_localmin,"ml_localmin(fp_cost=3.0,gate_pct=0.2,gate_window=120,h=10,min_pos_rate=0.25,rearm=5,seed=0,tol_bps=10.0)",BUY_NOW,down,0.003931342858090651,medium,8,7.71552,"{""h"": 10, ""tol_bps"": 10.0, ""gate_window"": 120, ""gate_pct"": 0.2, ""fp_cost"": 3.0, ""min_pos_rate"": 0.25, ""rearm"": 5, ""seed"": 0, ""threshold"": 0.0016, ""_fitted"": true, ""_pos_rate_val"": 0.77}","{""proba"": 0.003931342858090651, ""pct_rank"": 0.15833333333333333, ""window"": 120.0}"
2025-05-21,TJS,ml_localmin,"ml_localmin(fp_cost=3.0,gate_pct=0.2,gate_window=120,h=10,min_pos_rate=0.25,rearm=5,seed=0,tol_bps=10.0)",BUY_NOW,down,0.006479634973544623,medium,8,7.73287,"{""h"": 10, ""tol_bps"": 10.0, ""gate_window"": 120, ""gate_pct"": 0.2, ""fp_cost"": 3.0, ""min_pos_rate"": 0.25, ""rearm"": 5, ""seed"": 0, ""threshold"": 0.0016, ""_fitted"": true, ""_pos_rate_val"": 0.77}","{""proba"": 0.006479634973544623, ""pct_rank"": 0.19166666666666668, ""window"": 120.0}"
2025-06-24,TJS,seasonality,"seasonality(from_day=24,min_share=0.5,min_years=4,rearm=20)",BUY_NOW,down,0.7,slow,8,7.91418,"{""min_share"": 0.5, ""min_years"": 4, ""from_day"": 24, ""rearm"": 20, ""_feasible"": true, ""_n_feasible"": 4, ""_score"": 1.235}","{""k_years"": 7.0, ""n_years"": 10.0, ""target_month"": 7.0}"
2025-07-21,TJS,seasonality,"seasonality(from_day=20,min_share=0.5,min_years=4,rearm=20)",BUY_NOW,down,0.8,slow,9,8.17511,"{""min_share"": 0.5, ""min_years"": 4, ""from_day"": 20, ""rearm"": 20, ""_feasible"": true, ""_n_feasible"": 4, ""_score"": 1.1115}","{""k_years"": 8.0, ""n_years"": 10.0, ""target_month"": 8.0}"
2025-08-20,TJS,seasonality,"seasonality(from_day=20,min_share=0.5,min_years=4,rearm=20)",BUY_NOW,down,0.5,slow,9,8.55077,"{""min_share"": 0.5, ""min_years"": 4, ""from_day"": 20, ""rearm"": 20, ""_feasible"": true, ""_n_feasible"": 4, ""_score"": 1.1115}","{""k_years"": 5.0, ""n_years"": 10.0, ""target_month"": 9.0}"
2025-09-22,TJS,seasonality,"seasonality(from_day=20,min_share=0.5,min_years=4,rearm=20)",BUY_NOW,down,0.5,slow,9,8.91198,"{""min_share"": 0.5, ""min_years"": 4, ""from_day"": 20, ""rearm"": 20, ""_feasible"": true, ""_n_feasible"": 4, ""_score"": 1.1115}","{""k_years"": 5.0, ""n_years"": 10.0, ""target_month"": 10.0}"
2025-10-13,TJS,momentum,"momentum(n=5,rearm=2)",BUY_NOW,down,0.5,fast,9,8.72653,"{""n"": 5, ""rearm"": 2, ""_feasible"": true, ""_n_feasible"": 3, ""_score"": 0.972}","{""streak"": 5.0, ""drop_pct"": -2.0631040721138083}"
2025-10-15,TJS,momentum,"momentum(n=5,rearm=2)",BUY_NOW,down,0.7,fast,9,8.52452,"{""n"": 5, ""rearm"": 2, ""_feasible"": true, ""_n_feasible"": 3, ""_score"": 0.972}","{""streak"": 7.0, ""drop_pct"": -4.330240304544375}"
2025-10-20,TJS,seasonality,"seasonality(from_day=20,min_share=0.5,min_years=4,rearm=20)",BUY_NOW,down,0.6,slow,9,8.82831,"{""min_share"": 0.5, ""min_years"": 4, ""from_day"": 20, ""rearm"": 20, ""_feasible"": true, ""_n_feasible"": 4, ""_score"": 1.1115}","{""k_years"": 6.0, ""n_years"": 10.0, ""target_month"": 11.0}"
2025-11-20,TJS,seasonality,"seasonality(from_day=20,min_share=0.5,min_years=4,rearm=20)",BUY_NOW,down,0.5,slow,9,8.69686,"{""min_share"": 0.5, ""min_years"": 4, ""from_day"": 20, ""rearm"": 20, ""_feasible"": true, ""_n_feasible"": 4, ""_score"": 1.1115}","{""k_years"": 5.0, ""n_years"": 10.0, ""target_month"": 12.0}"
2025-11-21,TJS,dip_vs_trend,"dip_vs_trend(pct=0.05,rearm=5,span=80,window=120)",BUY_NOW,down,0.8333333333333334,medium,9,8.50559,"{""span"": 80, ""window"": 120, ""pct"": 0.05, ""rearm"": 5, ""_feasible"": true, ""_n_feasible"": 9, ""_score"": 0.8832}","{""dev_pct"": -1.9432168982600362, ""pct_rank"": 0.008333333333333333, ""window"": 120.0, ""span"": 80.0}"
2025-11-24,TJS,momentum,"momentum(n=5,rearm=2)",BUY_NOW,down,0.5,fast,9,8.49381,"{""n"": 5, ""rearm"": 2, ""_feasible"": true, ""_n_feasible"": 3, ""_score"": 0.972}","{""streak"": 5.0, ""drop_pct"": -2.8600542779014915}"
2025-11-28,TJS,dip_vs_trend,"dip_vs_trend(pct=0.05,rearm=5,span=80,window=120)",BUY_NOW,down,0.8333333333333334,medium,9,8.42425,"{""span"": 80, ""window"": 120, ""pct"": 0.05, ""rearm"": 5, ""_feasible"": true, ""_n_feasible"": 9, ""_score"": 0.8832}","{""dev_pct"": -2.8784672753942697, ""pct_rank"": 0.008333333333333333, ""window"": 120.0, ""span"": 80.0}"
2025-12-02,TJS,momentum,"momentum(n=5,rearm=2)",BUY_NOW,down,0.5,fast,9,8.35659,"{""n"": 5, ""rearm"": 2, ""_feasible"": true, ""_n_feasible"": 3, ""_score"": 0.972}","{""streak"": 5.0, ""drop_pct"": -1.6638071635847518}"
2025-12-05,TJS,dip_vs_trend,"dip_vs_trend(pct=0.05,rearm=5,span=80,window=120)",BUY_NOW,down,0.8333333333333334,medium,9,8.22937,"{""span"": 80, ""window"": 120, ""pct"": 0.05, ""rearm"": 5, ""_feasible"": true, ""_n_feasible"": 9, ""_score"": 0.8832}","{""dev_pct"": -5.00688817714593, ""pct_rank"": 0.008333333333333333, ""window"": 120.0, ""span"": 80.0}"
2025-12-26,TJS,ml_localmin,"ml_localmin(fp_cost=3.0,gate_pct=0.2,gate_window=120,h=10,min_pos_rate=0.25,rearm=5,seed=0,tol_bps=10.0)",BUY_NOW,down,0.07231829217988782,medium,9,8.40162,"{""h"": 10, ""tol_bps"": 10.0, ""gate_window"": 120, ""gate_pct"": 0.2, ""fp_cost"": 3.0, ""min_pos_rate"": 0.25, ""rearm"": 5, ""seed"": 0, ""threshold"": 0.0014, ""_fitted"": true, ""_pos_rate_val"": 0.635}","{""proba"": 0.07231829217988782, ""pct_rank"": 0.19166666666666668, ""window"": 120.0}"
2025-12-26,TJS,momentum,"momentum(n=5,rearm=2)",BUY_NOW,down,0.5,fast,9,8.40162,"{""n"": 5, ""rearm"": 2, ""_feasible"": true, ""_n_feasible"": 3, ""_score"": 0.972}","{""streak"": 5.0, ""drop_pct"": -3.8323434171623982}"
2025-12-29,TJS,dip_vs_trend,"dip_vs_trend(pct=0.05,rearm=5,span=80,window=120)",BUY_NOW,down,0.0,medium,9,8.37505,"{""span"": 80, ""window"": 120, ""pct"": 0.05, ""rearm"": 5, ""_feasible"": true, ""_n_feasible"": 9, ""_score"": 0.8832}","{""dev_pct"": -3.351434876421866, ""pct_rank"": 0.05, ""window"": 120.0, ""span"": 80.0}"
2026-01-16,TJS,ml_localmin,"ml_localmin(fp_cost=3.0,gate_pct=0.2,gate_window=120,h=10,min_pos_rate=0.25,rearm=5,seed=0,tol_bps=10.0)",BUY_NOW,down,0.10401735496995616,medium,10,8.34315,"{""h"": 10, ""tol_bps"": 10.0, ""gate_window"": 120, ""gate_pct"": 0.2, ""fp_cost"": 3.0, ""min_pos_rate"": 0.25, ""rearm"": 5, ""seed"": 0, ""threshold"": 0.0269, ""_fitted"": true, ""_pos_rate_val"": 0.267}","{""proba"": 0.10401735496995616, ""pct_rank"": 0.075, ""window"": 120.0}"
2026-01-19,TJS,level,"level(pct=0.05,rearm=5,stall_days=3,window=120)",BUY_NOW,down,0.0,medium,10,8.33515,"{""window"": 120, ""pct"": 0.05, ""stall_days"": 3, ""rearm"": 5, ""_feasible"": true, ""_n_feasible"": 6, ""_score"": 1.5423}","{""pct_rank"": 0.05, ""window"": 120.0, ""days_since_min"": 119.0}"
2026-01-22,TJS,dip_vs_trend,"dip_vs_trend(pct=0.05,rearm=3,span=20,window=120)",BUY_NOW,down,0.6666666666666667,medium,10,8.13556,"{""span"": 20, ""window"": 120, ""pct"": 0.05, ""rearm"": 3, ""_feasible"": true, ""_n_feasible"": 11, ""_score"": 0.863}","{""dev_pct"": -3.771592313210137, ""pct_rank"": 0.016666666666666666, ""window"": 120.0, ""span"": 20.0}"
2026-01-23,TJS,ml_localmin,"ml_localmin(fp_cost=3.0,gate_pct=0.2,gate_window=120,h=10,min_pos_rate=0.25,rearm=5,seed=0,tol_bps=10.0)",BUY_NOW,down,0.24040396924331991,medium,10,8.1155,"{""h"": 10, ""tol_bps"": 10.0, ""gate_window"": 120, ""gate_pct"": 0.2, ""fp_cost"": 3.0, ""min_pos_rate"": 0.25, ""rearm"": 5, ""seed"": 0, ""threshold"": 0.0269, ""_fitted"": true, ""_pos_rate_val"": 0.267}","{""proba"": 0.24040396924331991, ""pct_rank"": 0.008333333333333333, ""window"": 120.0}"
2026-01-27,TJS,reversal,"reversal(max_days_since_min=5,rearm=5,rise_bps=20,window=120)",WINDOW_CLOSING,up,1.0,slow,10,8.18151,"{""window"": 120, ""rise_bps"": 20, ""max_days_since_min"": 5, ""rearm"": 5, ""_feasible"": true, ""_n_feasible"": 19, ""_score"": 1.5976}","{""rise_pct"": 0.813381800258739, ""min_rate"": 8.1155, ""days_since_min"": 2.0, ""window"": 120.0}"
2026-01-28,TJS,level,"level(pct=0.05,rearm=5,stall_days=3,window=120)",BUY_NOW,down,0.33333333333333337,medium,10,8.15524,"{""window"": 120, ""pct"": 0.05, ""stall_days"": 3, ""rearm"": 5, ""_feasible"": true, ""_n_feasible"": 6, ""_score"": 1.5423}","{""pct_rank"": 0.03333333333333333, ""window"": 120.0, ""days_since_min"": 3.0}"
2026-01-30,TJS,ml_localmin,"ml_localmin(fp_cost=3.0,gate_pct=0.2,gate_window=120,h=10,min_pos_rate=0.25,rearm=5,seed=0,tol_bps=10.0)",BUY_NOW,down,0.12550847724903524,medium,10,8.08152,"{""h"": 10, ""tol_bps"": 10.0, ""gate_window"": 120, ""gate_pct"": 0.2, ""fp_cost"": 3.0, ""min_pos_rate"": 0.25, ""rearm"": 5, ""seed"": 0, ""threshold"": 0.0269, ""_fitted"": true, ""_pos_rate_val"": 0.267}","{""proba"": 0.12550847724903524, ""pct_rank"": 0.008333333333333333, ""window"": 120.0}"
2026-02-03,TJS,reversal,"reversal(max_days_since_min=5,rearm=5,rise_bps=20,window=120)",WINDOW_CLOSING,up,1.0,slow,10,8.22419,"{""window"": 120, ""rise_bps"": 20, ""max_days_since_min"": 5, ""rearm"": 5, ""_feasible"": true, ""_n_feasible"": 19, ""_score"": 1.5976}","{""rise_pct"": 1.76538571951812, ""min_rate"": 8.08152, ""days_since_min"": 2.0, ""window"": 120.0}"
2026-02-16,TJS,level,"level(pct=0.05,rearm=5,stall_days=3,window=120)",BUY_NOW,down,0.5,medium,10,8.11121,"{""window"": 120, ""pct"": 0.05, ""stall_days"": 3, ""rearm"": 5, ""_feasible"": true, ""_n_feasible"": 6, ""_score"": 1.5423}","{""pct_rank"": 0.025, ""window"": 120.0, ""days_since_min"": 11.0}"
2026-02-16,TJS,ml_localmin,"ml_localmin(fp_cost=3.0,gate_pct=0.2,gate_window=120,h=10,min_pos_rate=0.25,rearm=5,seed=0,tol_bps=10.0)",BUY_NOW,down,0.08482743842515394,medium,10,8.11121,"{""h"": 10, ""tol_bps"": 10.0, ""gate_window"": 120, ""gate_pct"": 0.2, ""fp_cost"": 3.0, ""min_pos_rate"": 0.25, ""rearm"": 5, ""seed"": 0, ""threshold"": 0.0269, ""_fitted"": true, ""_pos_rate_val"": 0.267}","{""proba"": 0.08482743842515394, ""pct_rank"": 0.025, ""window"": 120.0}"
2026-02-19,TJS,reversal,"reversal(max_days_since_min=5,rearm=5,rise_bps=20,window=120)",WINDOW_CLOSING,up,1.0,slow,10,8.10316,"{""window"": 120, ""rise_bps"": 20, ""max_days_since_min"": 5, ""rearm"": 5, ""_feasible"": true, ""_n_feasible"": 19, ""_score"": 1.5976}","{""rise_pct"": 0.5654289118347977, ""min_rate"": 8.0576, ""days_since_min"": 1.0, ""window"": 120.0}"
2026-02-24,TJS,level,"level(pct=0.05,rearm=5,stall_days=3,window=120)",BUY_NOW,down,0.5,medium,10,8.09736,"{""window"": 120, ""pct"": 0.05, ""stall_days"": 3, ""rearm"": 5, ""_feasible"": true, ""_n_feasible"": 6, ""_score"": 1.5423}","{""pct_rank"": 0.025, ""window"": 120.0, ""days_since_min"": 3.0}"
2026-02-24,TJS,ml_localmin,"ml_localmin(fp_cost=3.0,gate_pct=0.2,gate_window=120,h=10,min_pos_rate=0.25,rearm=5,seed=0,tol_bps=10.0)",BUY_NOW,down,0.12594163089479884,medium,10,8.09736,"{""h"": 10, ""tol_bps"": 10.0, ""gate_window"": 120, ""gate_pct"": 0.2, ""fp_cost"": 3.0, ""min_pos_rate"": 0.25, ""rearm"": 5, ""seed"": 0, ""threshold"": 0.0269, ""_fitted"": true, ""_pos_rate_val"": 0.267}","{""proba"": 0.12594163089479884, ""pct_rank"": 0.025, ""window"": 120.0}"
2026-02-24,TJS,seasonality,"seasonality(from_day=24,min_share=0.5,min_years=3,rearm=20)",BUY_NOW,down,0.5454545454545454,slow,10,8.09736,"{""min_share"": 0.5, ""min_years"": 3, ""from_day"": 24, ""rearm"": 20, ""_feasible"": true, ""_n_feasible"": 4, ""_score"": 0.9725}","{""k_years"": 6.0, ""n_years"": 11.0, ""target_month"": 3.0}"
2026-04-02,TJS,momentum,"momentum(n=5,rearm=2)",BUY_NOW,down,0.5,fast,10,8.38,"{""n"": 5, ""rearm"": 2, ""_feasible"": true, ""_n_feasible"": 3, ""_score"": 0.972}","{""streak"": 5.0, ""drop_pct"": -2.6750426522560544}"
2026-04-06,TJS,momentum,"momentum(n=5,rearm=2)",BUY_NOW,down,0.7,fast,10,8.22213,"{""n"": 5, ""rearm"": 2, ""_feasible"": true, ""_n_feasible"": 3, ""_score"": 0.972}","{""streak"": 7.0, ""drop_pct"": -4.5085380002857}"
2026-04-08,TJS,dip_vs_trend,"dip_vs_trend(pct=0.05,rearm=3,span=20,window=120)",BUY_NOW,down,0.16666666666666674,medium,10,8.19769,"{""span"": 20, ""window"": 120, ""pct"": 0.05, ""rearm"": 3, ""_feasible"": true, ""_n_feasible"": 11, ""_score"": 0.863}","{""dev_pct"": -3.227664760304705, ""pct_rank"": 0.041666666666666664, ""window"": 120.0, ""span"": 20.0}"
2026-04-08,TJS,ml_localmin,"ml_localmin(fp_cost=3.0,gate_pct=0.2,gate_window=120,h=10,min_pos_rate=0.25,rearm=5,seed=0,tol_bps=10.0)",BUY_NOW,down,0.033502402516628435,medium,10,8.19769,"{""h"": 10, ""tol_bps"": 10.0, ""gate_window"": 120, ""gate_pct"": 0.2, ""fp_cost"": 3.0, ""min_pos_rate"": 0.25, ""rearm"": 5, ""seed"": 0, ""threshold"": 0.0269, ""_fitted"": true, ""_pos_rate_val"": 0.267}","{""proba"": 0.033502402516628435, ""pct_rank"": 0.2, ""window"": 120.0}"
2026-04-10,TJS,level,"level(pct=0.05,rearm=5,stall_days=3,window=120)",BUY_NOW,down,0.33333333333333337,medium,10,8.08169,"{""window"": 120, ""pct"": 0.05, ""stall_days"": 3, ""rearm"": 5, ""_feasible"": true, ""_n_feasible"": 6, ""_score"": 1.5423}","{""pct_rank"": 0.03333333333333333, ""window"": 120.0, ""days_since_min"": 35.0}"
2026-04-13,TJS,dip_vs_trend,"dip_vs_trend(pct=0.05,rearm=3,span=20,window=120)",BUY_NOW,down,0.8333333333333334,medium,10,8.01903,"{""span"": 20, ""window"": 120, ""pct"": 0.05, ""rearm"": 3, ""_feasible"": true, ""_n_feasible"": 11, ""_score"": 0.863}","{""dev_pct"": -4.916201713493984, ""pct_rank"": 0.008333333333333333, ""window"": 120.0, ""span"": 20.0}"
2026-04-14,TJS,momentum,"momentum(n=5,rearm=2)",BUY_NOW,down,0.5,fast,10,7.9843,"{""n"": 5, ""rearm"": 2, ""_feasible"": true, ""_n_feasible"": 3, ""_score"": 0.972}","{""streak"": 5.0, ""drop_pct"": -3.1536940674162794}"
2026-04-15,TJS,ml_localmin,"ml_localmin(fp_cost=3.0,gate_pct=0.2,gate_window=120,h=10,min_pos_rate=0.25,rearm=5,seed=0,tol_bps=10.0)",BUY_NOW,down,0.06891927277133847,medium,10,7.93405,"{""h"": 10, ""tol_bps"": 10.0, ""gate_window"": 120, ""gate_pct"": 0.2, ""fp_cost"": 3.0, ""min_pos_rate"": 0.25, ""rearm"": 5, ""seed"": 0, ""threshold"": 0.0269, ""_fitted"": true, ""_pos_rate_val"": 0.267}","{""proba"": 0.06891927277133847, ""pct_rank"": 0.008333333333333333, ""window"": 120.0}"
2026-04-16,TJS,reversal,"reversal(max_days_since_min=5,rearm=5,rise_bps=20,window=120)",WINDOW_CLOSING,up,1.0,slow,10,8.02384,"{""window"": 120, ""rise_bps"": 20, ""max_days_since_min"": 5, ""rearm"": 5, ""_feasible"": true, ""_n_feasible"": 19, ""_score"": 1.5976}","{""rise_pct"": 1.131704488880203, ""min_rate"": 7.93405, ""days_since_min"": 1.0, ""window"": 120.0}"
2026-04-20,TJS,level,"level(pct=0.05,rearm=5,stall_days=3,window=120)",BUY_NOW,down,0.6666666666666667,medium,10,7.95519,"{""window"": 120, ""pct"": 0.05, ""stall_days"": 3, ""rearm"": 5, ""_feasible"": true, ""_n_feasible"": 6, ""_score"": 1.5423}","{""pct_rank"": 0.016666666666666666, ""window"": 120.0, ""days_since_min"": 3.0}"
2026-04-21,TJS,dip_vs_trend,"dip_vs_trend(pct=0.05,rearm=3,span=20,window=120)",BUY_NOW,down,0.16666666666666674,medium,10,7.8915,"{""span"": 20, ""window"": 120, ""pct"": 0.05, ""rearm"": 3, ""_feasible"": true, ""_n_feasible"": 11, ""_score"": 0.863}","{""dev_pct"": -3.991637545711646, ""pct_rank"": 0.041666666666666664, ""window"": 120.0, ""span"": 20.0}"
2026-04-23,TJS,ml_localmin,"ml_localmin(fp_cost=3.0,gate_pct=0.2,gate_window=120,h=10,min_pos_rate=0.25,rearm=5,seed=0,tol_bps=10.0)",BUY_NOW,down,0.05049866425026598,medium,10,7.93053,"{""h"": 10, ""tol_bps"": 10.0, ""gate_window"": 120, ""gate_pct"": 0.2, ""fp_cost"": 3.0, ""min_pos_rate"": 0.25, ""rearm"": 5, ""seed"": 0, ""threshold"": 0.0269, ""_fitted"": true, ""_pos_rate_val"": 0.267}","{""proba"": 0.05049866425026598, ""pct_rank"": 0.016666666666666666, ""window"": 120.0}"
2026-04-23,TJS,reversal,"reversal(max_days_since_min=5,rearm=5,rise_bps=20,window=120)",WINDOW_CLOSING,up,1.0,slow,10,7.93053,"{""window"": 120, ""rise_bps"": 20, ""max_days_since_min"": 5, ""rearm"": 5, ""_feasible"": true, ""_n_feasible"": 19, ""_score"": 1.5976}","{""rise_pct"": 0.49458277893936753, ""min_rate"": 7.8915, ""days_since_min"": 2.0, ""window"": 120.0}"
2026-04-27,TJS,level,"level(pct=0.05,rearm=5,stall_days=3,window=120)",BUY_NOW,down,0.33333333333333337,medium,10,7.93939,"{""window"": 120, ""pct"": 0.05, ""stall_days"": 3, ""rearm"": 5, ""_feasible"": true, ""_n_feasible"": 6, ""_score"": 1.5423}","{""pct_rank"": 0.03333333333333333, ""window"": 120.0, ""days_since_min"": 4.0}"
2026-05-08,TJS,level,"level(pct=0.05,rearm=5,stall_days=3,window=120)",BUY_NOW,down,0.33333333333333337,medium,10,7.93162,"{""window"": 120, ""pct"": 0.05, ""stall_days"": 3, ""rearm"": 5, ""_feasible"": true, ""_n_feasible"": 6, ""_score"": 1.5423}","{""pct_rank"": 0.03333333333333333, ""window"": 120.0, ""days_since_min"": 12.0}"
2026-05-08,TJS,ml_localmin,"ml_localmin(fp_cost=3.0,gate_pct=0.2,gate_window=120,h=10,min_pos_rate=0.25,rearm=5,seed=0,tol_bps=10.0)",BUY_NOW,down,0.02917169645036035,medium,10,7.93162,"{""h"": 10, ""tol_bps"": 10.0, ""gate_window"": 120, ""gate_pct"": 0.2, ""fp_cost"": 3.0, ""min_pos_rate"": 0.25, ""rearm"": 5, ""seed"": 0, ""threshold"": 0.0269, ""_fitted"": true, ""_pos_rate_val"": 0.267}","{""proba"": 0.02917169645036035, ""pct_rank"": 0.03333333333333333, ""window"": 120.0}"
2026-05-13,TJS,momentum,"momentum(n=5,rearm=2)",BUY_NOW,down,0.5,fast,10,7.83845,"{""n"": 5, ""rearm"": 2, ""_feasible"": true, ""_n_feasible"": 3, ""_score"": 0.972}","{""streak"": 5.0, ""drop_pct"": -2.438644923441513}"
2026-05-18,TJS,ml_localmin,"ml_localmin(fp_cost=3.0,gate_pct=0.2,gate_window=120,h=10,min_pos_rate=0.25,rearm=5,seed=0,tol_bps=10.0)",BUY_NOW,down,0.23231312714581828,medium,10,7.74208,"{""h"": 10, ""tol_bps"": 10.0, ""gate_window"": 120, ""gate_pct"": 0.2, ""fp_cost"": 3.0, ""min_pos_rate"": 0.25, ""rearm"": 5, ""seed"": 0, ""threshold"": 0.0269, ""_fitted"": true, ""_pos_rate_val"": 0.267}","{""proba"": 0.23231312714581828, ""pct_rank"": 0.008333333333333333, ""window"": 120.0}"
2026-05-22,TJS,reversal,"reversal(max_days_since_min=5,rearm=5,rise_bps=20,window=120)",WINDOW_CLOSING,up,1.0,slow,10,7.67396,"{""window"": 120, ""rise_bps"": 20, ""max_days_since_min"": 5, ""rearm"": 5, ""_feasible"": true, ""_n_feasible"": 19, ""_score"": 1.5976}","{""rise_pct"": 0.7802168217425853, ""min_rate"": 7.61455, ""days_since_min"": 2.0, ""window"": 120.0}"
2026-05-25,TJS,level,"level(pct=0.05,rearm=5,stall_days=3,window=120)",BUY_NOW,down,0.16666666666666674,medium,10,7.71028,"{""window"": 120, ""pct"": 0.05, ""stall_days"": 3, ""rearm"": 5, ""_feasible"": true, ""_n_feasible"": 6, ""_score"": 1.5423}","{""pct_rank"": 0.041666666666666664, ""window"": 120.0, ""days_since_min"": 3.0}"
2026-06-09,TJS,level,"level(pct=0.05,rearm=5,stall_days=3,window=120)",BUY_NOW,down,0.16666666666666674,medium,10,7.66882,"{""window"": 120, ""pct"": 0.05, ""stall_days"": 3, ""rearm"": 5, ""_feasible"": true, ""_n_feasible"": 6, ""_score"": 1.5423}","{""pct_rank"": 0.041666666666666664, ""window"": 120.0, ""days_since_min"": 14.0}"
2026-06-24,TJS,seasonality,"seasonality(from_day=24,min_share=0.5,min_years=3,rearm=20)",BUY_NOW,down,0.7272727272727273,slow,10,8.04287,"{""min_share"": 0.5, ""min_years"": 3, ""from_day"": 24, ""rearm"": 20, ""_feasible"": true, ""_n_feasible"": 4, ""_score"": 0.9725}","{""k_years"": 8.0, ""n_years"": 11.0, ""target_month"": 7.0}"
2021-01-20,UZS,level,"level(pct=0.05,rearm=5,stall_days=3,window=60)",BUY_NOW,down,0.33333333333333337,medium,0,0.00698565,"{""window"": 60, ""pct"": 0.05, ""stall_days"": 3, ""rearm"": 5, ""_feasible"": false, ""_n_feasible"": 0, ""_score"": 1.9027}","{""pct_rank"": 0.03333333333333333, ""window"": 60.0, ""days_since_min"": 18.0}"
2021-02-17,UZS,reversal,"reversal(max_days_since_min=5,rearm=5,rise_bps=50,window=120)",WINDOW_CLOSING,up,0.7755973739276945,slow,0,0.00700728,"{""window"": 120, ""rise_bps"": 50, ""max_days_since_min"": 5, ""rearm"": 5, ""_feasible"": true, ""_n_feasible"": 8, ""_score"": 1.9526}","{""rise_pct"": 0.7755973739276945, ""min_rate"": 0.00695335, ""days_since_min"": 2.0, ""window"": 120.0}"
2021-02-25,UZS,level,"level(pct=0.05,rearm=5,stall_days=3,window=60)",BUY_NOW,down,0.0,medium,0,0.00696179,"{""window"": 60, ""pct"": 0.05, ""stall_days"": 3, ""rearm"": 5, ""_feasible"": false, ""_n_feasible"": 0, ""_score"": 1.9027}","{""pct_rank"": 0.05, ""window"": 60.0, ""days_since_min"": 7.0}"
2021-03-16,UZS,momentum,"momentum(n=6,rearm=3)",BUY_NOW,down,0.5,fast,0,0.00692988,"{""n"": 6, ""rearm"": 3, ""_feasible"": true, ""_n_feasible"": 4, ""_score"": 1.7643}","{""streak"": 6.0, ""drop_pct"": -2.4415378182847114}"
2021-03-18,UZS,reversal,"reversal(max_days_since_min=5,rearm=5,rise_bps=50,window=120)",WINDOW_CLOSING,up,1.0,slow,0,0.00699931,"{""window"": 120, ""rise_bps"": 50, ""max_days_since_min"": 5, ""rearm"": 5, ""_feasible"": true, ""_n_feasible"": 8, ""_score"": 1.9526}","{""rise_pct"": 1.0018932506767664, ""min_rate"": 0.00692988, ""days_since_min"": 2.0, ""window"": 120.0}"
2021-05-20,UZS,level,"level(pct=0.05,rearm=5,stall_days=3,window=60)",BUY_NOW,down,0.0,medium,0,0.00695265,"{""window"": 60, ""pct"": 0.05, ""stall_days"": 3, ""rearm"": 5, ""_feasible"": false, ""_n_feasible"": 0, ""_score"": 1.9027}","{""pct_rank"": 0.05, ""window"": 60.0, ""days_since_min"": 45.0}"
2021-05-21,UZS,momentum,"momentum(n=6,rearm=3)",BUY_NOW,down,0.5,fast,0,0.00694301,"{""n"": 6, ""rearm"": 3, ""_feasible"": true, ""_n_feasible"": 4, ""_score"": 1.7643}","{""streak"": 6.0, ""drop_pct"": -1.4822340499498377}"
2021-06-02,UZS,reversal,"reversal(max_days_since_min=5,rearm=5,rise_bps=50,window=120)",WINDOW_CLOSING,up,0.5289209406184492,slow,0,0.00696015,"{""window"": 120, ""rise_bps"": 50, ""max_days_since_min"": 5, ""rearm"": 5, ""_feasible"": true, ""_n_feasible"": 8, ""_score"": 1.9526}","{""rise_pct"": 0.5289209406184492, ""min_rate"": 0.00692353, ""days_since_min"": 4.0, ""window"": 120.0}"
2021-06-09,UZS,dip_vs_trend,"dip_vs_trend(pct=0.1,rearm=5,span=40,window=250)",BUY_NOW,down,0.08000000000000007,medium,0,0.00682933,"{""span"": 40, ""window"": 250, ""pct"": 0.1, ""rearm"": 5, ""_feasible"": true, ""_n_feasible"": 13, ""_score"": 1.4937}","{""dev_pct"": -3.2079439066895254, ""pct_rank"": 0.092, ""window"": 250.0, ""span"": 40.0}"
2021-06-17,UZS,reversal,"reversal(max_days_since_min=5,rearm=5,rise_bps=50,window=120)",WINDOW_CLOSING,up,0.8842093446126853,slow,0,0.00682975,"{""window"": 120, ""rise_bps"": 50, ""max_days_since_min"": 5, ""rearm"": 5, ""_feasible"": true, ""_n_feasible"": 8, ""_score"": 1.9526}","{""rise_pct"": 0.8842093446126853, ""min_rate"": 0.00676989, ""days_since_min"": 3.0, ""window"": 120.0}"
2021-06-24,UZS,seasonality,"seasonality(from_day=24,min_share=0.5,min_years=3,rearm=20)",BUY_NOW,down,0.5,slow,0,0.00684136,"{""min_share"": 0.5, ""min_years"": 3, ""from_day"": 24, ""rearm"": 20, ""_feasible"": true, ""_n_feasible"": 4, ""_score"": 0.9802}","{""k_years"": 3.0, ""n_years"": 6.0, ""target_month"": 7.0}"
2021-07-26,UZS,seasonality,"seasonality(from_day=24,min_share=0.5,min_years=3,rearm=20)",BUY_NOW,down,0.6666666666666666,slow,1,0.00696779,"{""min_share"": 0.5, ""min_years"": 3, ""from_day"": 24, ""rearm"": 20, ""_feasible"": true, ""_n_feasible"": 4, ""_score"": 0.9802}","{""k_years"": 4.0, ""n_years"": 6.0, ""target_month"": 8.0}"
2021-07-27,UZS,ml_localmin,"ml_localmin(fp_cost=3.0,gate_pct=0.2,gate_window=120,h=10,min_pos_rate=0.25,rearm=5,seed=0,tol_bps=10.0)",BUY_NOW,down,0.04150133538149989,medium,1,0.00692922,"{""h"": 10, ""tol_bps"": 10.0, ""gate_window"": 120, ""gate_pct"": 0.2, ""fp_cost"": 3.0, ""min_pos_rate"": 0.25, ""rearm"": 5, ""seed"": 0, ""threshold"": 0.0332, ""_fitted"": true, ""_pos_rate_val"": 0.289}","{""proba"": 0.04150133538149989, ""pct_rank"": 0.19166666666666668, ""window"": 120.0}"
2021-08-24,UZS,seasonality,"seasonality(from_day=24,min_share=0.5,min_years=3,rearm=20)",BUY_NOW,down,0.5,slow,1,0.00694911,"{""min_share"": 0.5, ""min_years"": 3, ""from_day"": 24, ""rearm"": 20, ""_feasible"": true, ""_n_feasible"": 4, ""_score"": 0.9802}","{""k_years"": 3.0, ""n_years"": 6.0, ""target_month"": 9.0}"
2021-08-31,UZS,ml_localmin,"ml_localmin(fp_cost=3.0,gate_pct=0.2,gate_window=120,h=10,min_pos_rate=0.25,rearm=5,seed=0,tol_bps=10.0)",BUY_NOW,down,0.1544501354185589,medium,1,0.00687852,"{""h"": 10, ""tol_bps"": 10.0, ""gate_window"": 120, ""gate_pct"": 0.2, ""fp_cost"": 3.0, ""min_pos_rate"": 0.25, ""rearm"": 5, ""seed"": 0, ""threshold"": 0.0332, ""_fitted"": true, ""_pos_rate_val"": 0.289}","{""proba"": 0.1544501354185589, ""pct_rank"": 0.15833333333333333, ""window"": 120.0}"
2021-09-09,UZS,ml_localmin,"ml_localmin(fp_cost=3.0,gate_pct=0.2,gate_window=120,h=10,min_pos_rate=0.25,rearm=5,seed=0,tol_bps=10.0)",BUY_NOW,down,0.038986501994400194,medium,1,0.00684545,"{""h"": 10, ""tol_bps"": 10.0, ""gate_window"": 120, ""gate_pct"": 0.2, ""fp_cost"": 3.0, ""min_pos_rate"": 0.25, ""rearm"": 5, ""seed"": 0, ""threshold"": 0.0332, ""_fitted"": true, ""_pos_rate_val"": 0.289}","{""proba"": 0.038986501994400194, ""pct_rank"": 0.14166666666666666, ""window"": 120.0}"
2021-09-20,UZS,reversal,"reversal(max_days_since_min=5,rearm=5,rise_bps=50,window=120)",WINDOW_CLOSING,up,1.0,slow,1,0.00687005,"{""window"": 120, ""rise_bps"": 50, ""max_days_since_min"": 5, ""rearm"": 5, ""_feasible"": true, ""_n_feasible"": 6, ""_score"": 1.9526}","{""rise_pct"": 1.5432390727263101, ""min_rate"": 0.00676564, ""days_since_min"": 2.0, ""window"": 120.0}"
2021-09-23,UZS,level,"level(pct=0.05,rearm=5,stall_days=3,window=60)",BUY_NOW,down,0.0,medium,1,0.00681002,"{""window"": 60, ""pct"": 0.05, ""stall_days"": 3, ""rearm"": 5, ""_feasible"": false, ""_n_feasible"": 0, ""_score"": 1.9027}","{""pct_rank"": 0.05, ""window"": 60.0, ""days_since_min"": 5.0}"
2021-09-28,UZS,ml_localmin,"ml_localmin(fp_cost=3.0,gate_pct=0.2,gate_window=120,h=10,min_pos_rate=0.25,rearm=5,seed=0,tol_bps=10.0)",BUY_NOW,down,0.04365786973448522,medium,1,0.00679825,"{""h"": 10, ""tol_bps"": 10.0, ""gate_window"": 120, ""gate_pct"": 0.2, ""fp_cost"": 3.0, ""min_pos_rate"": 0.25, ""rearm"": 5, ""seed"": 0, ""threshold"": 0.0332, ""_fitted"": true, ""_pos_rate_val"": 0.289}","{""proba"": 0.04365786973448522, ""pct_rank"": 0.05, ""window"": 120.0}"
2021-09-30,UZS,level,"level(pct=0.05,rearm=5,stall_days=3,window=60)",BUY_NOW,down,0.0,medium,1,0.00679619,"{""window"": 60, ""pct"": 0.05, ""stall_days"": 3, ""rearm"": 5, ""_feasible"": false, ""_n_feasible"": 0, ""_score"": 1.9027}","{""pct_rank"": 0.05, ""window"": 60.0, ""days_since_min"": 10.0}"
2021-10-05,UZS,ml_localmin,"ml_localmin(fp_cost=3.0,gate_pct=0.2,gate_window=120,h=10,min_pos_rate=0.25,rearm=5,seed=0,tol_bps=10.0)",BUY_NOW,down,0.0448881550874043,medium,1,0.0067963,"{""h"": 10, ""tol_bps"": 10.0, ""gate_window"": 120, ""gate_pct"": 0.2, ""fp_cost"": 3.0, ""min_pos_rate"": 0.25, ""rearm"": 5, ""seed"": 0, ""threshold"": 0.0332, ""_fitted"": true, ""_pos_rate_val"": 0.289}","{""proba"": 0.0448881550874043, ""pct_rank"": 0.058333333333333334, ""window"": 120.0}"
2021-10-07,UZS,level,"level(pct=0.05,rearm=5,stall_days=3,window=60)",BUY_NOW,down,0.33333333333333337,medium,1,0.00677398,"{""window"": 60, ""pct"": 0.05, ""stall_days"": 3, ""rearm"": 5, ""_feasible"": false, ""_n_feasible"": 0, ""_score"": 1.9027}","{""pct_rank"": 0.03333333333333333, ""window"": 60.0, ""days_since_min"": 15.0}"
2021-10-13,UZS,ml_localmin,"ml_localmin(fp_cost=3.0,gate_pct=0.2,gate_window=120,h=10,min_pos_rate=0.25,rearm=5,seed=0,tol_bps=10.0)",BUY_NOW,down,0.05396954113606518,medium,1,0.00672572,"{""h"": 10, ""tol_bps"": 10.0, ""gate_window"": 120, ""gate_pct"": 0.2, ""fp_cost"": 3.0, ""min_pos_rate"": 0.25, ""rearm"": 5, ""seed"": 0, ""threshold"": 0.0332, ""_fitted"": true, ""_pos_rate_val"": 0.289}","{""proba"": 0.05396954113606518, ""pct_rank"": 0.016666666666666666, ""window"": 120.0}"
2021-10-14,UZS,level,"level(pct=0.05,rearm=5,stall_days=3,window=60)",BUY_NOW,down,0.33333333333333337,medium,1,0.00670882,"{""window"": 60, ""pct"": 0.05, ""stall_days"": 3, ""rearm"": 5, ""_feasible"": false, ""_n_feasible"": 0, ""_score"": 1.9027}","{""pct_rank"": 0.03333333333333333, ""window"": 60.0, ""days_since_min"": 3.0}"
2021-10-25,UZS,dip_vs_trend,"dip_vs_trend(pct=0.1,rearm=5,span=40,window=250)",BUY_NOW,down,0.4800000000000001,medium,1,0.00655278,"{""span"": 40, ""window"": 250, ""pct"": 0.1, ""rearm"": 5, ""_feasible"": true, ""_n_feasible"": 14, ""_score"": 1.5785}","{""dev_pct"": -3.319542663804953, ""pct_rank"": 0.052, ""window"": 250.0, ""span"": 40.0}"
2021-10-25,UZS,seasonality,"seasonality(from_day=24,min_share=0.5,min_years=3,rearm=20)",BUY_NOW,down,0.5,slow,1,0.00655278,"{""min_share"": 0.5, ""min_years"": 3, ""from_day"": 24, ""rearm"": 20, ""_feasible"": true, ""_n_feasible"": 4, ""_score"": 0.9802}","{""k_years"": 3.0, ""n_years"": 6.0, ""target_month"": 11.0}"
2021-10-28,UZS,reversal,"reversal(max_days_since_min=5,rearm=5,rise_bps=50,window=120)",WINDOW_CLOSING,up,1.0,slow,1,0.00660554,"{""window"": 120, ""rise_bps"": 50, ""max_days_since_min"": 5, ""rearm"": 5, ""_feasible"": true, ""_n_feasible"": 6, ""_score"": 1.9526}","{""rise_pct"": 1.5724372931812836, ""min_rate"": 0.00650328, ""days_since_min"": 2.0, ""window"": 120.0}"
2021-11-10,UZS,ml_localmin,"ml_localmin(fp_cost=3.0,gate_pct=0.2,gate_window=120,h=10,min_pos_rate=0.25,rearm=5,seed=0,tol_bps=10.0)",BUY_NOW,down,0.04106959206422978,medium,1,0.00661933,"{""h"": 10, ""tol_bps"": 10.0, ""gate_window"": 120, ""gate_pct"": 0.2, ""fp_cost"": 3.0, ""min_pos_rate"": 0.25, ""rearm"": 5, ""seed"": 0, ""threshold"": 0.0332, ""_fitted"": true, ""_pos_rate_val"": 0.289}","{""proba"": 0.04106959206422978, ""pct_rank"": 0.05, ""window"": 120.0}"
2022-03-18,UZS,momentum,"momentum(n=6,rearm=3)",BUY_NOW,down,0.5,fast,2,0.00917873,"{""n"": 6, ""rearm"": 3, ""_feasible"": true, ""_n_feasible"": 4, ""_score"": 1.7643}","{""streak"": 6.0, ""drop_pct"": -17.001419671034192}"
2022-03-23,UZS,momentum,"momentum(n=6,rearm=3)",BUY_NOW,down,0.75,fast,2,0.00894243,"{""n"": 6, ""rearm"": 3, ""_feasible"": true, ""_n_feasible"": 4, ""_score"": 1.7643}","{""streak"": 9.0, ""drop_pct"": -19.138160214849588}"
2022-03-28,UZS,momentum,"momentum(n=6,rearm=3)",BUY_NOW,down,1.0,fast,2,0.0081619,"{""n"": 6, ""rearm"": 3, ""_feasible"": true, ""_n_feasible"": 4, ""_score"": 1.7643}","{""streak"": 12.0, ""drop_pct"": -26.19609545253144}"
2022-03-29,UZS,dip_vs_trend,"dip_vs_trend(pct=0.1,rearm=5,span=40,window=250)",BUY_NOW,down,0.96,medium,2,0.00752379,"{""span"": 40, ""window"": 250, ""pct"": 0.1, ""rearm"": 5, ""_feasible"": true, ""_n_feasible"": 17, ""_score"": 1.5785}","{""dev_pct"": -9.447550551963813, ""pct_rank"": 0.004, ""window"": 250.0, ""span"": 40.0}"
2022-04-05,UZS,dip_vs_trend,"dip_vs_trend(pct=0.1,rearm=5,span=40,window=250)",BUY_NOW,down,0.96,medium,2,0.00730613,"{""span"": 40, ""window"": 250, ""pct"": 0.1, ""rearm"": 5, ""_feasible"": true, ""_n_feasible"": 17, ""_score"": 1.5785}","{""dev_pct"": -12.466698984881585, ""pct_rank"": 0.004, ""window"": 250.0, ""span"": 40.0}"
2022-04-07,UZS,ml_localmin,"ml_localmin(fp_cost=3.0,gate_pct=0.2,gate_window=120,h=10,min_pos_rate=0.25,rearm=5,seed=0,tol_bps=10.0)",BUY_NOW,down,0.10304504297490065,medium,2,0.00670633,"{""h"": 10, ""tol_bps"": 10.0, ""gate_window"": 120, ""gate_pct"": 0.2, ""fp_cost"": 3.0, ""min_pos_rate"": 0.25, ""rearm"": 5, ""seed"": 0, ""threshold"": 0.0002, ""_fitted"": true, ""_pos_rate_val"": 0.957}","{""proba"": 0.10304504297490065, ""pct_rank"": 0.16666666666666666, ""window"": 120.0}"
2022-04-12,UZS,dip_vs_trend,"dip_vs_trend(pct=0.1,rearm=5,span=40,window=250)",BUY_NOW,down,0.84,medium,2,0.0070284,"{""span"": 40, ""window"": 250, ""pct"": 0.1, ""rearm"": 5, ""_feasible"": true, ""_n_feasible"": 17, ""_score"": 1.5785}","{""dev_pct"": -15.777843751507259, ""pct_rank"": 0.016, ""window"": 250.0, ""span"": 40.0}"
2022-04-19,UZS,dip_vs_trend,"dip_vs_trend(pct=0.1,rearm=5,span=40,window=250)",BUY_NOW,down,0.84,medium,2,0.00700732,"{""span"": 40, ""window"": 250, ""pct"": 0.1, ""rearm"": 5, ""_feasible"": true, ""_n_feasible"": 17, ""_score"": 1.5785}","{""dev_pct"": -16.125284812544173, ""pct_rank"": 0.016, ""window"": 250.0, ""span"": 40.0}"
2022-04-20,UZS,level,"level(pct=0.05,rearm=5,stall_days=3,window=60)",BUY_NOW,down,0.0,medium,2,0.00684593,"{""window"": 60, ""pct"": 0.05, ""stall_days"": 3, ""rearm"": 5, ""_feasible"": false, ""_n_feasible"": 0, ""_score"": 1.2531}","{""pct_rank"": 0.05, ""window"": 60.0, ""days_since_min"": 8.0}"
2022-04-21,UZS,ml_localmin,"ml_localmin(fp_cost=3.0,gate_pct=0.2,gate_window=120,h=10,min_pos_rate=0.25,rearm=5,seed=0,tol_bps=10.0)",BUY_NOW,down,0.024949205855329084,medium,2,0.00664779,"{""h"": 10, ""tol_bps"": 10.0, ""gate_window"": 120, ""gate_pct"": 0.2, ""fp_cost"": 3.0, ""min_pos_rate"": 0.25, ""rearm"": 5, ""seed"": 0, ""threshold"": 0.0002, ""_fitted"": true, ""_pos_rate_val"": 0.957}","{""proba"": 0.024949205855329084, ""pct_rank"": 0.08333333333333333, ""window"": 120.0}"
2022-04-22,UZS,momentum,"momentum(n=6,rearm=3)",BUY_NOW,down,0.5,fast,2,0.00650367,"{""n"": 6, ""rearm"": 3, ""_feasible"": true, ""_n_feasible"": 4, ""_score"": 1.7643}","{""streak"": 6.0, ""drop_pct"": -9.30342500139455}"
2022-04-26,UZS,dip_vs_trend,"dip_vs_trend(pct=0.1,rearm=5,span=40,window=250)",BUY_NOW,down,0.92,medium,2,0.00646479,"{""span"": 40, ""window"": 250, ""pct"": 0.1, ""rearm"": 5, ""_feasible"": true, ""_n_feasible"": 17, ""_score"": 1.5785}","{""dev_pct"": -21.233529094373647, ""pct_rank"": 0.008, ""window"": 250.0, ""span"": 40.0}"
2022-04-28,UZS,ml_localmin,"ml_localmin(fp_cost=3.0,gate_pct=0.2,gate_window=120,h=10,min_pos_rate=0.25,rearm=5,seed=0,tol_bps=10.0)",BUY_NOW,down,0.26703557866648775,medium,2,0.0064549,"{""h"": 10, ""tol_bps"": 10.0, ""gate_window"": 120, ""gate_pct"": 0.2, ""fp_cost"": 3.0, ""min_pos_rate"": 0.25, ""rearm"": 5, ""seed"": 0, ""threshold"": 0.0002, ""_fitted"": true, ""_pos_rate_val"": 0.957}","{""proba"": 0.26703557866648775, ""pct_rank"": 0.008333333333333333, ""window"": 120.0}"
2022-05-05,UZS,dip_vs_trend,"dip_vs_trend(pct=0.1,rearm=5,span=40,window=250)",BUY_NOW,down,0.96,medium,2,0.00593424,"{""span"": 40, ""window"": 250, ""pct"": 0.1, ""rearm"": 5, ""_feasible"": true, ""_n_feasible"": 17, ""_score"": 1.5785}","{""dev_pct"": -23.954634764102632, ""pct_rank"": 0.004, ""window"": 250.0, ""span"": 40.0}"
2022-05-06,UZS,reversal,"reversal(max_days_since_min=5,rearm=5,rise_bps=50,window=120)",WINDOW_CLOSING,up,1.0,slow,2,0.0060529,"{""window"": 120, ""rise_bps"": 50, ""max_days_since_min"": 5, ""rearm"": 5, ""_feasible"": true, ""_n_feasible"": 6, ""_score"": 1.9763}","{""rise_pct"": 1.9995820863328628, ""min_rate"": 0.00593424, ""days_since_min"": 1.0, ""window"": 120.0}"
2022-05-11,UZS,ml_localmin,"ml_localmin(fp_cost=3.0,gate_pct=0.2,gate_window=120,h=10,min_pos_rate=0.25,rearm=5,seed=0,tol_bps=10.0)",BUY_NOW,down,0.004156992007919794,medium,2,0.00616724,"{""h"": 10, ""tol_bps"": 10.0, ""gate_window"": 120, ""gate_pct"": 0.2, ""fp_cost"": 3.0, ""min_pos_rate"": 0.25, ""rearm"": 5, ""seed"": 0, ""threshold"": 0.0002, ""_fitted"": true, ""_pos_rate_val"": 0.957}","{""proba"": 0.004156992007919794, ""pct_rank"": 0.025, ""window"": 120.0}"
2022-05-16,UZS,dip_vs_trend,"dip_vs_trend(pct=0.1,rearm=5,span=40,window=250)",BUY_NOW,down,0.6799999999999999,medium,2,0.00569002,"{""span"": 40, ""window"": 250, ""pct"": 0.1, ""rearm"": 5, ""_feasible"": true, ""_n_feasible"": 17, ""_score"": 1.5785}","{""dev_pct"": -21.11483888784931, ""pct_rank"": 0.032, ""window"": 250.0, ""span"": 40.0}"
2022-05-18,UZS,ml_localmin,"ml_localmin(fp_cost=3.0,gate_pct=0.2,gate_window=120,h=10,min_pos_rate=0.25,rearm=5,seed=0,tol_bps=10.0)",BUY_NOW,down,0.07684813143299968,medium,2,0.00570328,"{""h"": 10, ""tol_bps"": 10.0, ""gate_window"": 120, ""gate_pct"": 0.2, ""fp_cost"": 3.0, ""min_pos_rate"": 0.25, ""rearm"": 5, ""seed"": 0, ""threshold"": 0.0002, ""_fitted"": true, ""_pos_rate_val"": 0.957}","{""proba"": 0.07684813143299968, ""pct_rank"": 0.025, ""window"": 120.0}"
2022-05-23,UZS,dip_vs_trend,"dip_vs_trend(pct=0.1,rearm=5,span=40,window=250)",BUY_NOW,down,0.88,medium,2,0.00524635,"{""span"": 40, ""window"": 250, ""pct"": 0.1, ""rearm"": 5, ""_feasible"": true, ""_n_feasible"": 17, ""_score"": 1.5785}","{""dev_pct"": -22.179441405518176, ""pct_rank"": 0.012, ""window"": 250.0, ""span"": 40.0}"
2022-05-25,UZS,ml_localmin,"ml_localmin(fp_cost=3.0,gate_pct=0.2,gate_window=120,h=10,min_pos_rate=0.25,rearm=5,seed=0,tol_bps=10.0)",BUY_NOW,down,0.2622713744138443,medium,2,0.00508352,"{""h"": 10, ""tol_bps"": 10.0, ""gate_window"": 120, ""gate_pct"": 0.2, ""fp_cost"": 3.0, ""min_pos_rate"": 0.25, ""rearm"": 5, ""seed"": 0, ""threshold"": 0.0002, ""_fitted"": true, ""_pos_rate_val"": 0.957}","{""proba"": 0.2622713744138443, ""pct_rank"": 0.008333333333333333, ""window"": 120.0}"
2022-05-26,UZS,reversal,"reversal(max_days_since_min=5,rearm=5,rise_bps=50,window=120)",WINDOW_CLOSING,up,1.0,slow,2,0.00560874,"{""window"": 120, ""rise_bps"": 50, ""max_days_since_min"": 5, ""rearm"": 5, ""_feasible"": true, ""_n_feasible"": 6, ""_score"": 1.9763}","{""rise_pct"": 10.331817323429426, ""min_rate"": 0.00508352, ""days_since_min"": 1.0, ""window"": 120.0}"
2022-06-01,UZS,ml_localmin,"ml_localmin(fp_cost=3.0,gate_pct=0.2,gate_window=120,h=10,min_pos_rate=0.25,rearm=5,seed=0,tol_bps=10.0)",BUY_NOW,down,0.0023963196460320226,medium,2,0.00559571,"{""h"": 10, ""tol_bps"": 10.0, ""gate_window"": 120, ""gate_pct"": 0.2, ""fp_cost"": 3.0, ""min_pos_rate"": 0.25, ""rearm"": 5, ""seed"": 0, ""threshold"": 0.0002, ""_fitted"": true, ""_pos_rate_val"": 0.957}","{""proba"": 0.0023963196460320226, ""pct_rank"": 0.05, ""window"": 120.0}"
2022-06-08,UZS,ml_localmin,"ml_localmin(fp_cost=3.0,gate_pct=0.2,gate_window=120,h=10,min_pos_rate=0.25,rearm=5,seed=0,tol_bps=10.0)",BUY_NOW,down,0.007283901071841245,medium,2,0.00545203,"{""h"": 10, ""tol_bps"": 10.0, ""gate_window"": 120, ""gate_pct"": 0.2, ""fp_cost"": 3.0, ""min_pos_rate"": 0.25, ""rearm"": 5, ""seed"": 0, ""threshold"": 0.0002, ""_fitted"": true, ""_pos_rate_val"": 0.957}","{""proba"": 0.007283901071841245, ""pct_rank"": 0.041666666666666664, ""window"": 120.0}"
2022-06-10,UZS,level,"level(pct=0.05,rearm=5,stall_days=3,window=60)",BUY_NOW,down,0.0,medium,2,0.00524245,"{""window"": 60, ""pct"": 0.05, ""stall_days"": 3, ""rearm"": 5, ""_feasible"": false, ""_n_feasible"": 0, ""_score"": 1.2531}","{""pct_rank"": 0.05, ""window"": 60.0, ""days_since_min"": 12.0}"
2022-06-14,UZS,momentum,"momentum(n=6,rearm=3)",BUY_NOW,down,0.5,fast,2,0.00519392,"{""n"": 6, ""rearm"": 3, ""_feasible"": true, ""_n_feasible"": 4, ""_score"": 1.7643}","{""streak"": 6.0, ""drop_pct"": -7.8436973805844135}"
2022-06-16,UZS,ml_localmin,"ml_localmin(fp_cost=3.0,gate_pct=0.2,gate_window=120,h=10,min_pos_rate=0.25,rearm=5,seed=0,tol_bps=10.0)",BUY_NOW,down,0.004792106955010412,medium,2,0.00518873,"{""h"": 10, ""tol_bps"": 10.0, ""gate_window"": 120, ""gate_pct"": 0.2, ""fp_cost"": 3.0, ""min_pos_rate"": 0.25, ""rearm"": 5, ""seed"": 0, ""threshold"": 0.0002, ""_fitted"": true, ""_pos_rate_val"": 0.957}","{""proba"": 0.004792106955010412, ""pct_rank"": 0.03333333333333333, ""window"": 120.0}"
2022-06-20,UZS,level,"level(pct=0.05,rearm=5,stall_days=3,window=60)",BUY_NOW,down,0.33333333333333337,medium,2,0.00512991,"{""window"": 60, ""pct"": 0.05, ""stall_days"": 3, ""rearm"": 5, ""_feasible"": false, ""_n_feasible"": 0, ""_score"": 1.2531}","{""pct_rank"": 0.03333333333333333, ""window"": 60.0, ""days_since_min"": 17.0}"
2022-06-23,UZS,ml_localmin,"ml_localmin(fp_cost=3.0,gate_pct=0.2,gate_window=120,h=10,min_pos_rate=0.25,rearm=5,seed=0,tol_bps=10.0)",BUY_NOW,down,0.009487987349820183,medium,2,0.00491909,"{""h"": 10, ""tol_bps"": 10.0, ""gate_window"": 120, ""gate_pct"": 0.2, ""fp_cost"": 3.0, ""min_pos_rate"": 0.25, ""rearm"": 5, ""seed"": 0, ""threshold"": 0.0002, ""_fitted"": true, ""_pos_rate_val"": 0.957}","{""proba"": 0.009487987349820183, ""pct_rank"": 0.016666666666666666, ""window"": 120.0}"
2022-06-23,UZS,reversal,"reversal(max_days_since_min=5,rearm=5,rise_bps=50,window=120)",WINDOW_CLOSING,up,0.5998249402833666,slow,2,0.00491909,"{""window"": 120, ""rise_bps"": 50, ""max_days_since_min"": 5, ""rearm"": 5, ""_feasible"": true, ""_n_feasible"": 6, ""_score"": 1.9763}","{""rise_pct"": 0.5998249402833666, ""min_rate"": 0.00488976, ""days_since_min"": 1.0, ""window"": 120.0}"
2022-06-24,UZS,seasonality,"seasonality(from_day=24,min_share=0.5,min_years=4,rearm=20)",BUY_NOW,down,0.5714285714285714,slow,2,0.0049236,"{""min_share"": 0.5, ""min_years"": 4, ""from_day"": 24, ""rearm"": 20, ""_feasible"": true, ""_n_feasible"": 4, ""_score"": 0.9802}","{""k_years"": 4.0, ""n_years"": 7.0, ""target_month"": 7.0}"
2022-06-27,UZS,level,"level(pct=0.05,rearm=5,stall_days=3,window=60)",BUY_NOW,down,0.0,medium,2,0.00492293,"{""window"": 60, ""pct"": 0.05, ""stall_days"": 3, ""rearm"": 5, ""_feasible"": false, ""_n_feasible"": 0, ""_score"": 1.2531}","{""pct_rank"": 0.05, ""window"": 60.0, ""days_since_min"": 3.0}"
2022-06-30,UZS,ml_localmin,"ml_localmin(fp_cost=3.0,gate_pct=0.2,gate_window=120,h=10,min_pos_rate=0.25,rearm=5,seed=0,tol_bps=10.0)",BUY_NOW,down,0.0038229597156518792,medium,2,0.00483528,"{""h"": 10, ""tol_bps"": 10.0, ""gate_window"": 120, ""gate_pct"": 0.2, ""fp_cost"": 3.0, ""min_pos_rate"": 0.25, ""rearm"": 5, ""seed"": 0, ""threshold"": 0.0002, ""_fitted"": true, ""_pos_rate_val"": 0.957}","{""proba"": 0.0038229597156518792, ""pct_rank"": 0.016666666666666666, ""window"": 120.0}"
2022-06-30,UZS,reversal,"reversal(max_days_since_min=5,rearm=5,rise_bps=50,window=120)",WINDOW_CLOSING,up,1.0,slow,2,0.00483528,"{""window"": 120, ""rise_bps"": 50, ""max_days_since_min"": 5, ""rearm"": 5, ""_feasible"": true, ""_n_feasible"": 6, ""_score"": 1.9763}","{""rise_pct"": 2.083135406968273, ""min_rate"": 0.00473661, ""days_since_min"": 1.0, ""window"": 120.0}"
2022-07-01,UZS,dip_vs_trend,"dip_vs_trend(pct=0.1,rearm=5,span=80,window=250)",BUY_NOW,down,0.20000000000000007,medium,3,0.00494827,"{""span"": 80, ""window"": 250, ""pct"": 0.1, ""rearm"": 5, ""_feasible"": true, ""_n_feasible"": 13, ""_score"": 1.5398}","{""dev_pct"": -26.088149038968712, ""pct_rank"": 0.08, ""window"": 250.0, ""span"": 80.0}"
2022-07-12,UZS,ml_localmin,"ml_localmin(fp_cost=3.0,gate_pct=0.2,gate_window=120,h=10,min_pos_rate=0.25,rearm=5,seed=0,tol_bps=10.0)",BUY_NOW,down,0.0019040178119586163,medium,3,0.00539337,"{""h"": 10, ""tol_bps"": 10.0, ""gate_window"": 120, ""gate_pct"": 0.2, ""fp_cost"": 3.0, ""min_pos_rate"": 0.25, ""rearm"": 5, ""seed"": 0, ""threshold"": 0.0001, ""_fitted"": true, ""_pos_rate_val"": 1.0}","{""proba"": 0.0019040178119586163, ""pct_rank"": 0.18333333333333332, ""window"": 120.0}"
2022-07-19,UZS,ml_localmin,"ml_localmin(fp_cost=3.0,gate_pct=0.2,gate_window=120,h=10,min_pos_rate=0.25,rearm=5,seed=0,tol_bps=10.0)",BUY_NOW,down,0.0038271918525453323,medium,3,0.00506278,"{""h"": 10, ""tol_bps"": 10.0, ""gate_window"": 120, ""gate_pct"": 0.2, ""fp_cost"": 3.0, ""min_pos_rate"": 0.25, ""rearm"": 5, ""seed"": 0, ""threshold"": 0.0001, ""_fitted"": true, ""_pos_rate_val"": 1.0}","{""proba"": 0.0038271918525453323, ""pct_rank"": 0.08333333333333333, ""window"": 120.0}"
2022-07-19,UZS,momentum,"momentum(n=6,rearm=3)",BUY_NOW,down,0.5,fast,3,0.00506278,"{""n"": 6, ""rearm"": 3, ""_feasible"": true, ""_n_feasible"": 4, ""_score"": 1.7643}","{""streak"": 6.0, ""drop_pct"": -9.881753599635456}"
2022-07-25,UZS,seasonality,"seasonality(from_day=24,min_share=0.5,min_years=3,rearm=20)",BUY_NOW,down,0.5714285714285714,slow,3,0.00529141,"{""min_share"": 0.5, ""min_years"": 3, ""from_day"": 24, ""rearm"": 20, ""_feasible"": true, ""_n_feasible"": 4, ""_score"": 0.9802}","{""k_years"": 4.0, ""n_years"": 7.0, ""target_month"": 8.0}"
2022-09-26,UZS,ml_localmin,"ml_localmin(fp_cost=3.0,gate_pct=0.2,gate_window=120,h=10,min_pos_rate=0.25,rearm=5,seed=0,tol_bps=10.0)",BUY_NOW,down,0.006947319958519795,medium,3,0.00525823,"{""h"": 10, ""tol_bps"": 10.0, ""gate_window"": 120, ""gate_pct"": 0.2, ""fp_cost"": 3.0, ""min_pos_rate"": 0.25, ""rearm"": 5, ""seed"": 0, ""threshold"": 0.0001, ""_fitted"": true, ""_pos_rate_val"": 1.0}","{""proba"": 0.006947319958519795, ""pct_rank"": 0.2, ""window"": 120.0}"
2022-09-30,UZS,level,"level(pct=0.05,rearm=5,stall_days=3,window=60)",BUY_NOW,down,0.33333333333333337,medium,3,0.00502076,"{""window"": 60, ""pct"": 0.05, ""stall_days"": 3, ""rearm"": 5, ""_feasible"": true, ""_n_feasible"": 1, ""_score"": 1.2292}","{""pct_rank"": 0.03333333333333333, ""window"": 60.0, ""days_since_min"": 52.0}"
2022-10-03,UZS,ml_localmin,"ml_localmin(fp_cost=3.0,gate_pct=0.2,gate_window=120,h=10,min_pos_rate=0.25,rearm=5,seed=0,tol_bps=10.0)",BUY_NOW,down,0.00199528757219194,medium,3,0.00523096,"{""h"": 10, ""tol_bps"": 10.0, ""gate_window"": 120, ""gate_pct"": 0.2, ""fp_cost"": 3.0, ""min_pos_rate"": 0.25, ""rearm"": 5, ""seed"": 0, ""threshold"": 0.0001, ""_fitted"": true, ""_pos_rate_val"": 1.0}","{""proba"": 0.00199528757219194, ""pct_rank"": 0.2, ""window"": 120.0}"
2022-10-19,UZS,momentum,"momentum(n=6,rearm=3)",BUY_NOW,down,0.5,fast,3,0.00552013,"{""n"": 6, ""rearm"": 3, ""_feasible"": true, ""_n_feasible"": 4, ""_score"": 1.7643}","{""streak"": 6.0, ""drop_pct"": -4.046633628429341}"
2022-10-24,UZS,seasonality,"seasonality(from_day=24,min_share=0.5,min_years=3,rearm=20)",BUY_NOW,down,0.5714285714285714,slow,3,0.00549779,"{""min_share"": 0.5, ""min_years"": 3, ""from_day"": 24, ""rearm"": 20, ""_feasible"": true, ""_n_feasible"": 4, ""_score"": 0.9802}","{""k_years"": 4.0, ""n_years"": 7.0, ""target_month"": 11.0}"
2022-12-26,UZS,seasonality,"seasonality(from_day=24,min_share=0.5,min_years=3,rearm=20)",BUY_NOW,down,0.5,slow,3,0.00610816,"{""min_share"": 0.5, ""min_years"": 3, ""from_day"": 24, ""rearm"": 20, ""_feasible"": true, ""_n_feasible"": 4, ""_score"": 0.9802}","{""k_years"": 4.0, ""n_years"": 8.0, ""target_month"": 1.0}"
2023-01-13,UZS,momentum,"momentum(n=6,rearm=3)",BUY_NOW,down,0.5,fast,4,0.00597983,"{""n"": 6, ""rearm"": 3, ""_feasible"": true, ""_n_feasible"": 3, ""_score"": 1.0521}","{""streak"": 6.0, ""drop_pct"": -6.988503887773301}"
2023-02-27,UZS,seasonality,"seasonality(from_day=24,min_share=0.5,min_years=4,rearm=20)",BUY_NOW,down,0.5,slow,4,0.00664602,"{""min_share"": 0.5, ""min_years"": 4, ""from_day"": 24, ""rearm"": 20, ""_feasible"": true, ""_n_feasible"": 4, ""_score"": 0.9802}","{""k_years"": 4.0, ""n_years"": 8.0, ""target_month"": 3.0}"
2023-05-10,UZS,momentum,"momentum(n=6,rearm=3)",BUY_NOW,down,0.5,fast,4,0.006708,"{""n"": 6, ""rearm"": 3, ""_feasible"": true, ""_n_feasible"": 3, ""_score"": 1.0521}","{""streak"": 6.0, ""drop_pct"": -6.4277235070353544}"
2023-06-26,UZS,seasonality,"seasonality(from_day=24,min_share=0.5,min_years=4,rearm=20)",BUY_NOW,down,0.625,slow,4,0.00738164,"{""min_share"": 0.5, ""min_years"": 4, ""from_day"": 24, ""rearm"": 20, ""_feasible"": true, ""_n_feasible"": 4, ""_score"": 0.9802}","{""k_years"": 5.0, ""n_years"": 8.0, ""target_month"": 7.0}"
2023-07-24,UZS,seasonality,"seasonality(from_day=24,min_share=0.5,min_years=4,rearm=20)",BUY_NOW,down,0.625,slow,5,0.00779404,"{""min_share"": 0.5, ""min_years"": 4, ""from_day"": 24, ""rearm"": 20, ""_feasible"": true, ""_n_feasible"": 4, ""_score"": 0.9802}","{""k_years"": 5.0, ""n_years"": 8.0, ""target_month"": 8.0}"
2023-07-27,UZS,momentum,"momentum(n=6,rearm=3)",BUY_NOW,down,0.5,fast,5,0.00774392,"{""n"": 6, ""rearm"": 3, ""_feasible"": true, ""_n_feasible"": 3, ""_score"": 1.0329}","{""streak"": 6.0, ""drop_pct"": -1.4396024961085718}"
2023-10-20,UZS,dip_vs_trend,"dip_vs_trend(pct=0.1,rearm=5,span=80,window=250)",BUY_NOW,down,0.6000000000000001,medium,5,0.00784116,"{""span"": 80, ""window"": 250, ""pct"": 0.1, ""rearm"": 5, ""_feasible"": true, ""_n_feasible"": 17, ""_score"": 1.4702}","{""dev_pct"": -1.4532969906055349, ""pct_rank"": 0.04, ""window"": 250.0, ""span"": 80.0}"
2023-10-23,UZS,level,"level(pct=0.05,rearm=3,stall_days=3,window=60)",BUY_NOW,down,0.0,medium,5,0.0077566,"{""window"": 60, ""pct"": 0.05, ""stall_days"": 3, ""rearm"": 3, ""_feasible"": true, ""_n_feasible"": 2, ""_score"": 1.2667}","{""pct_rank"": 0.05, ""window"": 60.0, ""days_since_min"": 46.0}"
2023-10-24,UZS,seasonality,"seasonality(from_day=24,min_share=0.5,min_years=4,rearm=20)",BUY_NOW,down,0.5,slow,5,0.00765445,"{""min_share"": 0.5, ""min_years"": 4, ""from_day"": 24, ""rearm"": 20, ""_feasible"": true, ""_n_feasible"": 4, ""_score"": 0.9802}","{""k_years"": 4.0, ""n_years"": 8.0, ""target_month"": 11.0}"
2023-10-27,UZS,dip_vs_trend,"dip_vs_trend(pct=0.1,rearm=5,span=80,window=250)",BUY_NOW,down,0.92,medium,5,0.00763446,"{""span"": 80, ""window"": 250, ""pct"": 0.1, ""rearm"": 5, ""_feasible"": true, ""_n_feasible"": 17, ""_score"": 1.4702}","{""dev_pct"": -3.906973860942542, ""pct_rank"": 0.008, ""window"": 250.0, ""span"": 80.0}"
2023-11-03,UZS,dip_vs_trend,"dip_vs_trend(pct=0.1,rearm=5,span=80,window=250)",BUY_NOW,down,0.92,medium,5,0.0076009,"{""span"": 80, ""window"": 250, ""pct"": 0.1, ""rearm"": 5, ""_feasible"": true, ""_n_feasible"": 17, ""_score"": 1.4702}","{""dev_pct"": -4.157344917993311, ""pct_rank"": 0.008, ""window"": 250.0, ""span"": 80.0}"
2023-11-03,UZS,level,"level(pct=0.05,rearm=3,stall_days=3,window=60)",BUY_NOW,down,0.33333333333333337,medium,5,0.0076009,"{""window"": 60, ""pct"": 0.05, ""stall_days"": 3, ""rearm"": 3, ""_feasible"": true, ""_n_feasible"": 2, ""_score"": 1.2667}","{""pct_rank"": 0.03333333333333333, ""window"": 60.0, ""days_since_min"": 3.0}"
2023-11-13,UZS,dip_vs_trend,"dip_vs_trend(pct=0.1,rearm=5,span=80,window=250)",BUY_NOW,down,0.8,medium,5,0.00750755,"{""span"": 80, ""window"": 250, ""pct"": 0.1, ""rearm"": 5, ""_feasible"": true, ""_n_feasible"": 17, ""_score"": 1.4702}","{""dev_pct"": -5.09401555543918, ""pct_rank"": 0.02, ""window"": 250.0, ""span"": 80.0}"
2023-11-14,UZS,ml_localmin,"ml_localmin(fp_cost=3.0,gate_pct=0.2,gate_window=120,h=10,min_pos_rate=0.25,rearm=5,seed=0,tol_bps=10.0)",BUY_NOW,down,0.07065449980027655,medium,5,0.00743066,"{""h"": 10, ""tol_bps"": 10.0, ""gate_window"": 120, ""gate_pct"": 0.2, ""fp_cost"": 3.0, ""min_pos_rate"": 0.25, ""rearm"": 5, ""seed"": 0, ""threshold"": 0.0202, ""_fitted"": true, ""_pos_rate_val"": 0.258}","{""proba"": 0.07065449980027655, ""pct_rank"": 0.18333333333333332, ""window"": 120.0}"
2023-11-20,UZS,dip_vs_trend,"dip_vs_trend(pct=0.1,rearm=5,span=80,window=250)",BUY_NOW,down,0.96,medium,5,0.00720647,"{""span"": 80, ""window"": 250, ""pct"": 0.1, ""rearm"": 5, ""_feasible"": true, ""_n_feasible"": 17, ""_score"": 1.4702}","{""dev_pct"": -8.54118941114127, ""pct_rank"": 0.004, ""window"": 250.0, ""span"": 80.0}"
2023-11-21,UZS,ml_localmin,"ml_localmin(fp_cost=3.0,gate_pct=0.2,gate_window=120,h=10,min_pos_rate=0.25,rearm=5,seed=0,tol_bps=10.0)",BUY_NOW,down,0.08154421175699048,medium,5,0.00715705,"{""h"": 10, ""tol_bps"": 10.0, ""gate_window"": 120, ""gate_pct"": 0.2, ""fp_cost"": 3.0, ""min_pos_rate"": 0.25, ""rearm"": 5, ""seed"": 0, ""threshold"": 0.0202, ""_fitted"": true, ""_pos_rate_val"": 0.258}","{""proba"": 0.08154421175699048, ""pct_rank"": 0.03333333333333333, ""window"": 120.0}"
2023-11-24,UZS,reversal,"reversal(max_days_since_min=5,rearm=5,rise_bps=50,window=120)",WINDOW_CLOSING,up,0.8469970169273644,slow,5,0.00721767,"{""window"": 120, ""rise_bps"": 50, ""max_days_since_min"": 5, ""rearm"": 5, ""_feasible"": true, ""_n_feasible"": 11, ""_score"": 1.7915}","{""rise_pct"": 0.8469970169273644, ""min_rate"": 0.00715705, ""days_since_min"": 3.0, ""window"": 120.0}"
2023-11-24,UZS,seasonality,"seasonality(from_day=24,min_share=0.5,min_years=4,rearm=20)",BUY_NOW,down,0.5,slow,5,0.00721767,"{""min_share"": 0.5, ""min_years"": 4, ""from_day"": 24, ""rearm"": 20, ""_feasible"": true, ""_n_feasible"": 4, ""_score"": 0.9802}","{""k_years"": 4.0, ""n_years"": 8.0, ""target_month"": 12.0}"
2023-11-27,UZS,dip_vs_trend,"dip_vs_trend(pct=0.1,rearm=5,span=80,window=250)",BUY_NOW,down,0.6400000000000001,medium,5,0.007214,"{""span"": 80, ""window"": 250, ""pct"": 0.1, ""rearm"": 5, ""_feasible"": true, ""_n_feasible"": 17, ""_score"": 1.4702}","{""dev_pct"": -7.859101955136238, ""pct_rank"": 0.036, ""window"": 250.0, ""span"": 80.0}"
2023-12-04,UZS,dip_vs_trend,"dip_vs_trend(pct=0.1,rearm=5,span=80,window=250)",BUY_NOW,down,0.20000000000000007,medium,5,0.00737172,"{""span"": 80, ""window"": 250, ""pct"": 0.1, ""rearm"": 5, ""_feasible"": true, ""_n_feasible"": 17, ""_score"": 1.4702}","{""dev_pct"": -5.083687770124879, ""pct_rank"": 0.08, ""window"": 250.0, ""span"": 80.0}"
2023-12-11,UZS,dip_vs_trend,"dip_vs_trend(pct=0.1,rearm=5,span=80,window=250)",BUY_NOW,down,0.1200000000000001,medium,5,0.00738992,"{""span"": 80, ""window"": 250, ""pct"": 0.1, ""rearm"": 5, ""_feasible"": true, ""_n_feasible"": 17, ""_score"": 1.4702}","{""dev_pct"": -4.449573888488178, ""pct_rank"": 0.088, ""window"": 250.0, ""span"": 80.0}"
2023-12-14,UZS,momentum,"momentum(n=6,rearm=3)",BUY_NOW,down,0.5,fast,5,0.00725108,"{""n"": 6, ""rearm"": 3, ""_feasible"": true, ""_n_feasible"": 3, ""_score"": 1.0329}","{""streak"": 6.0, ""drop_pct"": -3.956788316527171}"
2023-12-18,UZS,dip_vs_trend,"dip_vs_trend(pct=0.1,rearm=5,span=80,window=250)",BUY_NOW,down,0.1200000000000001,medium,5,0.00730489,"{""span"": 80, ""window"": 250, ""pct"": 0.1, ""rearm"": 5, ""_feasible"": true, ""_n_feasible"": 17, ""_score"": 1.4702}","{""dev_pct"": -5.1418393524291, ""pct_rank"": 0.088, ""window"": 250.0, ""span"": 80.0}"
2023-12-25,UZS,seasonality,"seasonality(from_day=24,min_share=0.5,min_years=4,rearm=20)",BUY_NOW,down,0.5555555555555556,slow,5,0.0074426,"{""min_share"": 0.5, ""min_years"": 4, ""from_day"": 24, ""rearm"": 20, ""_feasible"": true, ""_n_feasible"": 4, ""_score"": 0.9802}","{""k_years"": 5.0, ""n_years"": 9.0, ""target_month"": 1.0}"
2023-12-28,UZS,ml_localmin,"ml_localmin(fp_cost=3.0,gate_pct=0.2,gate_window=120,h=10,min_pos_rate=0.25,rearm=5,seed=0,tol_bps=10.0)",BUY_NOW,down,0.036508364552327824,medium,5,0.00731198,"{""h"": 10, ""tol_bps"": 10.0, ""gate_window"": 120, ""gate_pct"": 0.2, ""fp_cost"": 3.0, ""min_pos_rate"": 0.25, ""rearm"": 5, ""seed"": 0, ""threshold"": 0.0202, ""_fitted"": true, ""_pos_rate_val"": 0.258}","{""proba"": 0.036508364552327824, ""pct_rank"": 0.16666666666666666, ""window"": 120.0}"
2024-01-10,UZS,dip_vs_trend,"dip_vs_trend(pct=0.1,rearm=5,span=80,window=250)",BUY_NOW,down,0.1200000000000001,medium,6,0.00721091,"{""span"": 80, ""window"": 250, ""pct"": 0.1, ""rearm"": 5, ""_feasible"": true, ""_n_feasible"": 14, ""_score"": 1.4702}","{""dev_pct"": -5.267899952076672, ""pct_rank"": 0.088, ""window"": 250.0, ""span"": 80.0}"
2024-01-10,UZS,ml_localmin,"ml_localmin(fp_cost=3.0,gate_pct=0.2,gate_window=120,h=10,min_pos_rate=0.25,rearm=5,seed=0,tol_bps=10.0)",BUY_NOW,down,0.10537175062416976,medium,6,0.00721091,"{""h"": 10, ""tol_bps"": 10.0, ""gate_window"": 120, ""gate_pct"": 0.2, ""fp_cost"": 3.0, ""min_pos_rate"": 0.25, ""rearm"": 5, ""seed"": 0, ""threshold"": 0.0846, ""_fitted"": true, ""_pos_rate_val"": 0.5}","{""proba"": 0.10537175062416976, ""pct_rank"": 0.05, ""window"": 120.0}"
2024-01-17,UZS,dip_vs_trend,"dip_vs_trend(pct=0.1,rearm=5,span=80,window=250)",BUY_NOW,down,0.20000000000000007,medium,6,0.00711668,"{""span"": 80, ""window"": 250, ""pct"": 0.1, ""rearm"": 5, ""_feasible"": true, ""_n_feasible"": 14, ""_score"": 1.4702}","{""dev_pct"": -5.89317902973151, ""pct_rank"": 0.08, ""window"": 250.0, ""span"": 80.0}"
2024-01-17,UZS,reversal,"reversal(max_days_since_min=5,rearm=5,rise_bps=50,window=120)",WINDOW_CLOSING,up,0.7590183871885702,slow,6,0.00711668,"{""window"": 120, ""rise_bps"": 50, ""max_days_since_min"": 5, ""rearm"": 5, ""_feasible"": true, ""_n_feasible"": 12, ""_score"": 1.7915}","{""rise_pct"": 0.7590183871885702, ""min_rate"": 0.00706307, ""days_since_min"": 1.0, ""window"": 120.0}"
2024-01-22,UZS,level,"level(pct=0.05,rearm=3,stall_days=3,window=60)",BUY_NOW,down,0.0,medium,6,0.00709055,"{""window"": 60, ""pct"": 0.05, ""stall_days"": 3, ""rearm"": 3, ""_feasible"": true, ""_n_feasible"": 2, ""_score"": 1.2667}","{""pct_rank"": 0.05, ""window"": 60.0, ""days_since_min"": 4.0}"
2024-02-26,UZS,seasonality,"seasonality(from_day=24,min_share=0.5,min_years=4,rearm=20)",BUY_NOW,down,0.5555555555555556,slow,6,0.0074165,"{""min_share"": 0.5, ""min_years"": 4, ""from_day"": 24, ""rearm"": 20, ""_feasible"": true, ""_n_feasible"": 4, ""_score"": 0.9802}","{""k_years"": 5.0, ""n_years"": 9.0, ""target_month"": 3.0}"
2024-04-25,UZS,momentum,"momentum(n=6,rearm=3)",BUY_NOW,down,0.5,fast,6,0.00726017,"{""n"": 6, ""rearm"": 3, ""_feasible"": true, ""_n_feasible"": 3, ""_score"": 1.0329}","{""streak"": 6.0, ""drop_pct"": -2.464395635988448}"
2024-05-03,UZS,level,"level(pct=0.05,rearm=3,stall_days=3,window=60)",BUY_NOW,down,0.33333333333333337,medium,6,0.00723689,"{""window"": 60, ""pct"": 0.05, ""stall_days"": 3, ""rearm"": 3, ""_feasible"": true, ""_n_feasible"": 2, ""_score"": 1.2667}","{""pct_rank"": 0.03333333333333333, ""window"": 60.0, ""days_since_min"": 39.0}"
2024-05-06,UZS,ml_localmin,"ml_localmin(fp_cost=3.0,gate_pct=0.2,gate_window=120,h=10,min_pos_rate=0.25,rearm=5,seed=0,tol_bps=10.0)",BUY_NOW,down,0.09762115664937243,medium,6,0.00720413,"{""h"": 10, ""tol_bps"": 10.0, ""gate_window"": 120, ""gate_pct"": 0.2, ""fp_cost"": 3.0, ""min_pos_rate"": 0.25, ""rearm"": 5, ""seed"": 0, ""threshold"": 0.0846, ""_fitted"": true, ""_pos_rate_val"": 0.5}","{""proba"": 0.09762115664937243, ""pct_rank"": 0.14166666666666666, ""window"": 120.0}"
2024-05-13,UZS,level,"level(pct=0.05,rearm=3,stall_days=3,window=60)",BUY_NOW,down,0.0,medium,6,0.00720494,"{""window"": 60, ""pct"": 0.05, ""stall_days"": 3, ""rearm"": 3, ""_feasible"": true, ""_n_feasible"": 2, ""_score"": 1.2667}","{""pct_rank"": 0.05, ""window"": 60.0, ""days_since_min"": 3.0}"
2024-05-27,UZS,ml_localmin,"ml_localmin(fp_cost=3.0,gate_pct=0.2,gate_window=120,h=10,min_pos_rate=0.25,rearm=5,seed=0,tol_bps=10.0)",BUY_NOW,down,0.2982790940513473,medium,6,0.00698051,"{""h"": 10, ""tol_bps"": 10.0, ""gate_window"": 120, ""gate_pct"": 0.2, ""fp_cost"": 3.0, ""min_pos_rate"": 0.25, ""rearm"": 5, ""seed"": 0, ""threshold"": 0.0846, ""_fitted"": true, ""_pos_rate_val"": 0.5}","{""proba"": 0.2982790940513473, ""pct_rank"": 0.008333333333333333, ""window"": 120.0}"
2024-05-27,UZS,momentum,"momentum(n=6,rearm=3)",BUY_NOW,down,0.5,fast,6,0.00698051,"{""n"": 6, ""rearm"": 3, ""_feasible"": true, ""_n_feasible"": 3, ""_score"": 1.0329}","{""streak"": 6.0, ""drop_pct"": -2.4126636181007077}"
2024-05-29,UZS,reversal,"reversal(max_days_since_min=5,rearm=5,rise_bps=50,window=120)",WINDOW_CLOSING,up,1.0,slow,6,0.00705599,"{""window"": 120, ""rise_bps"": 50, ""max_days_since_min"": 5, ""rearm"": 5, ""_feasible"": true, ""_n_feasible"": 12, ""_score"": 1.7915}","{""rise_pct"": 1.167383795703536, ""min_rate"": 0.00697457, ""days_since_min"": 1.0, ""window"": 120.0}"
2024-06-04,UZS,level,"level(pct=0.05,rearm=3,stall_days=3,window=60)",BUY_NOW,down,0.0,medium,6,0.00703589,"{""window"": 60, ""pct"": 0.05, ""stall_days"": 3, ""rearm"": 3, ""_feasible"": true, ""_n_feasible"": 2, ""_score"": 1.2667}","{""pct_rank"": 0.05, ""window"": 60.0, ""days_since_min"": 5.0}"
2024-06-13,UZS,level,"level(pct=0.05,rearm=3,stall_days=3,window=60)",BUY_NOW,down,0.0,medium,6,0.00698898,"{""window"": 60, ""pct"": 0.05, ""stall_days"": 3, ""rearm"": 3, ""_feasible"": true, ""_n_feasible"": 2, ""_score"": 1.2667}","{""pct_rank"": 0.05, ""window"": 60.0, ""days_since_min"": 11.0}"
2024-06-18,UZS,ml_localmin,"ml_localmin(fp_cost=3.0,gate_pct=0.2,gate_window=120,h=10,min_pos_rate=0.25,rearm=5,seed=0,tol_bps=10.0)",BUY_NOW,down,0.4220742293355298,medium,6,0.00689947,"{""h"": 10, ""tol_bps"": 10.0, ""gate_window"": 120, ""gate_pct"": 0.2, ""fp_cost"": 3.0, ""min_pos_rate"": 0.25, ""rearm"": 5, ""seed"": 0, ""threshold"": 0.0846, ""_fitted"": true, ""_pos_rate_val"": 0.5}","{""proba"": 0.4220742293355298, ""pct_rank"": 0.008333333333333333, ""window"": 120.0}"
2024-06-19,UZS,dip_vs_trend,"dip_vs_trend(pct=0.1,rearm=5,span=80,window=250)",BUY_NOW,down,0.96,medium,6,0.00654376,"{""span"": 80, ""window"": 250, ""pct"": 0.1, ""rearm"": 5, ""_feasible"": true, ""_n_feasible"": 14, ""_score"": 1.4702}","{""dev_pct"": -9.513757405319689, ""pct_rank"": 0.004, ""window"": 250.0, ""span"": 80.0}"
2024-06-20,UZS,reversal,"reversal(max_days_since_min=5,rearm=5,rise_bps=50,window=120)",WINDOW_CLOSING,up,1.0,slow,6,0.00675563,"{""window"": 120, ""rise_bps"": 50, ""max_days_since_min"": 5, ""rearm"": 5, ""_feasible"": true, ""_n_feasible"": 12, ""_score"": 1.7915}","{""rise_pct"": 3.237740992945959, ""min_rate"": 0.00654376, ""days_since_min"": 1.0, ""window"": 120.0}"
2024-06-24,UZS,seasonality,"seasonality(from_day=24,min_share=0.5,min_years=4,rearm=20)",BUY_NOW,down,0.6666666666666666,slow,6,0.00692053,"{""min_share"": 0.5, ""min_years"": 4, ""from_day"": 24, ""rearm"": 20, ""_feasible"": true, ""_n_feasible"": 4, ""_score"": 0.9802}","{""k_years"": 6.0, ""n_years"": 9.0, ""target_month"": 7.0}"
2024-06-27,UZS,dip_vs_trend,"dip_vs_trend(pct=0.1,rearm=5,span=80,window=250)",BUY_NOW,down,0.28000000000000014,medium,6,0.00675375,"{""span"": 80, ""window"": 250, ""pct"": 0.1, ""rearm"": 5, ""_feasible"": true, ""_n_feasible"": 14, ""_score"": 1.4702}","{""dev_pct"": -6.110008902432417, ""pct_rank"": 0.072, ""window"": 250.0, ""span"": 80.0}"
2024-06-27,UZS,level,"level(pct=0.05,rearm=3,stall_days=3,window=60)",BUY_NOW,down,0.33333333333333337,medium,6,0.00675375,"{""window"": 60, ""pct"": 0.05, ""stall_days"": 3, ""rearm"": 3, ""_feasible"": true, ""_n_feasible"": 2, ""_score"": 1.2667}","{""pct_rank"": 0.03333333333333333, ""window"": 60.0, ""days_since_min"": 6.0}"
2024-07-09,UZS,ml_localmin,"ml_localmin(fp_cost=3.0,gate_pct=0.2,gate_window=120,h=10,min_pos_rate=0.25,rearm=5,seed=0,tol_bps=10.0)",BUY_NOW,down,0.0046841996137867445,medium,7,0.00697427,"{""h"": 10, ""tol_bps"": 10.0, ""gate_window"": 120, ""gate_pct"": 0.2, ""fp_cost"": 3.0, ""min_pos_rate"": 0.25, ""rearm"": 5, ""seed"": 0, ""threshold"": 0.0013, ""_fitted"": true, ""_pos_rate_val"": 0.685}","{""proba"": 0.0046841996137867445, ""pct_rank"": 0.08333333333333333, ""window"": 120.0}"
2024-07-22,UZS,ml_localmin,"ml_localmin(fp_cost=3.0,gate_pct=0.2,gate_window=120,h=10,min_pos_rate=0.25,rearm=5,seed=0,tol_bps=10.0)",BUY_NOW,down,0.0025962255692967744,medium,7,0.00696116,"{""h"": 10, ""tol_bps"": 10.0, ""gate_window"": 120, ""gate_pct"": 0.2, ""fp_cost"": 3.0, ""min_pos_rate"": 0.25, ""rearm"": 5, ""seed"": 0, ""threshold"": 0.0013, ""_fitted"": true, ""_pos_rate_val"": 0.685}","{""proba"": 0.0025962255692967744, ""pct_rank"": 0.10833333333333334, ""window"": 120.0}"
2024-07-24,UZS,seasonality,"seasonality(from_day=24,min_share=0.5,min_years=4,rearm=20)",BUY_NOW,down,0.6666666666666666,slow,7,0.00687764,"{""min_share"": 0.5, ""min_years"": 4, ""from_day"": 24, ""rearm"": 20, ""_feasible"": true, ""_n_feasible"": 4, ""_score"": 1.0047}","{""k_years"": 6.0, ""n_years"": 9.0, ""target_month"": 8.0}"
2024-07-30,UZS,ml_localmin,"ml_localmin(fp_cost=3.0,gate_pct=0.2,gate_window=120,h=10,min_pos_rate=0.25,rearm=5,seed=0,tol_bps=10.0)",BUY_NOW,down,0.0098672806894527,medium,7,0.00686555,"{""h"": 10, ""tol_bps"": 10.0, ""gate_window"": 120, ""gate_pct"": 0.2, ""fp_cost"": 3.0, ""min_pos_rate"": 0.25, ""rearm"": 5, ""seed"": 0, ""threshold"": 0.0013, ""_fitted"": true, ""_pos_rate_val"": 0.685}","{""proba"": 0.0098672806894527, ""pct_rank"": 0.058333333333333334, ""window"": 120.0}"
2024-08-05,UZS,level,"level(pct=0.05,rearm=3,stall_days=3,window=60)",BUY_NOW,down,0.33333333333333337,medium,7,0.00675155,"{""window"": 60, ""pct"": 0.05, ""stall_days"": 3, ""rearm"": 3, ""_feasible"": true, ""_n_feasible"": 2, ""_score"": 1.2667}","{""pct_rank"": 0.03333333333333333, ""window"": 60.0, ""days_since_min"": 33.0}"
2024-08-06,UZS,ml_localmin,"ml_localmin(fp_cost=3.0,gate_pct=0.2,gate_window=120,h=10,min_pos_rate=0.25,rearm=5,seed=0,tol_bps=10.0)",BUY_NOW,down,0.004685437671808182,medium,7,0.00676186,"{""h"": 10, ""tol_bps"": 10.0, ""gate_window"": 120, ""gate_pct"": 0.2, ""fp_cost"": 3.0, ""min_pos_rate"": 0.25, ""rearm"": 5, ""seed"": 0, ""threshold"": 0.0013, ""_fitted"": true, ""_pos_rate_val"": 0.685}","{""proba"": 0.004685437671808182, ""pct_rank"": 0.041666666666666664, ""window"": 120.0}"
2024-11-25,UZS,seasonality,"seasonality(from_day=24,min_share=0.5,min_years=4,rearm=20)",BUY_NOW,down,0.5555555555555556,slow,7,0.00809028,"{""min_share"": 0.5, ""min_years"": 4, ""from_day"": 24, ""rearm"": 20, ""_feasible"": true, ""_n_feasible"": 4, ""_score"": 1.0047}","{""k_years"": 5.0, ""n_years"": 9.0, ""target_month"": 12.0}"
2024-12-06,UZS,momentum,"momentum(n=6,rearm=3)",BUY_NOW,down,0.5,fast,7,0.00774486,"{""n"": 6, ""rearm"": 3, ""_feasible"": true, ""_n_feasible"": 3, ""_score"": 1.0329}","{""streak"": 6.0, ""drop_pct"": -9.189124541540416}"
2024-12-24,UZS,seasonality,"seasonality(from_day=24,min_share=0.5,min_years=4,rearm=20)",BUY_NOW,down,0.5,slow,7,0.00774089,"{""min_share"": 0.5, ""min_years"": 4, ""from_day"": 24, ""rearm"": 20, ""_feasible"": true, ""_n_feasible"": 4, ""_score"": 1.0047}","{""k_years"": 5.0, ""n_years"": 10.0, ""target_month"": 1.0}"
2025-01-21,UZS,dip_vs_trend,"dip_vs_trend(pct=0.1,rearm=5,span=20,window=120)",BUY_NOW,down,0.33333333333333337,medium,8,0.00770154,"{""span"": 20, ""window"": 120, ""pct"": 0.1, ""rearm"": 5, ""_feasible"": true, ""_n_feasible"": 16, ""_score"": 1.1234}","{""dev_pct"": -2.2539414562341875, ""pct_rank"": 0.06666666666666667, ""window"": 120.0, ""span"": 20.0}"
2025-01-28,UZS,dip_vs_trend,"dip_vs_trend(pct=0.1,rearm=5,span=20,window=120)",BUY_NOW,down,0.16666666666666674,medium,8,0.00755718,"{""span"": 20, ""window"": 120, ""pct"": 0.1, ""rearm"": 5, ""_feasible"": true, ""_n_feasible"": 16, ""_score"": 1.1234}","{""dev_pct"": -2.764281180164141, ""pct_rank"": 0.08333333333333333, ""window"": 120.0, ""span"": 20.0}"
2025-01-30,UZS,seasonality,"seasonality(from_day=24,min_share=0.5,min_years=4,rearm=20)",BUY_NOW,down,0.5,slow,8,0.00755734,"{""min_share"": 0.5, ""min_years"": 4, ""from_day"": 24, ""rearm"": 20, ""_feasible"": true, ""_n_feasible"": 4, ""_score"": 1.0047}","{""k_years"": 5.0, ""n_years"": 10.0, ""target_month"": 2.0}"
2025-01-31,UZS,level,"level(pct=0.05,rearm=5,stall_days=3,window=60)",BUY_NOW,down,0.33333333333333337,medium,8,0.00754886,"{""window"": 60, ""pct"": 0.05, ""stall_days"": 3, ""rearm"": 5, ""_feasible"": true, ""_n_feasible"": 2, ""_score"": 1.046}","{""pct_rank"": 0.03333333333333333, ""window"": 60.0, ""days_since_min"": 4.0}"
2025-02-06,UZS,dip_vs_trend,"dip_vs_trend(pct=0.1,rearm=5,span=20,window=120)",BUY_NOW,down,0.2500000000000001,medium,8,0.00746307,"{""span"": 20, ""window"": 120, ""pct"": 0.1, ""rearm"": 5, ""_feasible"": true, ""_n_feasible"": 16, ""_score"": 1.1234}","{""dev_pct"": -2.978220875425186, ""pct_rank"": 0.075, ""window"": 120.0, ""span"": 20.0}"
2025-02-12,UZS,ml_localmin,"ml_localmin(fp_cost=3.0,gate_pct=0.2,gate_window=120,h=10,min_pos_rate=0.25,rearm=5,seed=0,tol_bps=10.0)",BUY_NOW,down,0.03931768051654787,medium,8,0.00724565,"{""h"": 10, ""tol_bps"": 10.0, ""gate_window"": 120, ""gate_pct"": 0.2, ""fp_cost"": 3.0, ""min_pos_rate"": 0.25, ""rearm"": 5, ""seed"": 0, ""threshold"": 0.0006, ""_fitted"": true, ""_pos_rate_val"": 0.719}","{""proba"": 0.03931768051654787, ""pct_rank"": 0.2, ""window"": 120.0}"
2025-02-13,UZS,dip_vs_trend,"dip_vs_trend(pct=0.1,rearm=5,span=20,window=120)",BUY_NOW,down,0.9166666666666666,medium,8,0.0070083,"{""span"": 20, ""window"": 120, ""pct"": 0.1, ""rearm"": 5, ""_feasible"": true, ""_n_feasible"": 16, ""_score"": 1.1234}","{""dev_pct"": -7.083536319760009, ""pct_rank"": 0.008333333333333333, ""window"": 120.0, ""span"": 20.0}"
2025-02-17,UZS,reversal,"reversal(max_days_since_min=5,rearm=5,rise_bps=50,window=120)",WINDOW_CLOSING,up,1.0,slow,8,0.00703715,"{""window"": 120, ""rise_bps"": 50, ""max_days_since_min"": 5, ""rearm"": 5, ""_feasible"": true, ""_n_feasible"": 13, ""_score"": 1.7915}","{""rise_pct"": 1.3296260084869171, ""min_rate"": 0.00694481, ""days_since_min"": 1.0, ""window"": 120.0}"
2025-02-19,UZS,level,"level(pct=0.05,rearm=5,stall_days=3,window=60)",BUY_NOW,down,0.33333333333333337,medium,8,0.00697189,"{""window"": 60, ""pct"": 0.05, ""stall_days"": 3, ""rearm"": 5, ""_feasible"": true, ""_n_feasible"": 2, ""_score"": 1.046}","{""pct_rank"": 0.03333333333333333, ""window"": 60.0, ""days_since_min"": 3.0}"
2025-02-19,UZS,ml_localmin,"ml_localmin(fp_cost=3.0,gate_pct=0.2,gate_window=120,h=10,min_pos_rate=0.25,rearm=5,seed=0,tol_bps=10.0)",BUY_NOW,down,0.04619692372897885,medium,8,0.00697189,"{""h"": 10, ""tol_bps"": 10.0, ""gate_window"": 120, ""gate_pct"": 0.2, ""fp_cost"": 3.0, ""min_pos_rate"": 0.25, ""rearm"": 5, ""seed"": 0, ""threshold"": 0.0006, ""_fitted"": true, ""_pos_rate_val"": 0.719}","{""proba"": 0.04619692372897885, ""pct_rank"": 0.016666666666666666, ""window"": 120.0}"
2025-02-20,UZS,dip_vs_trend,"dip_vs_trend(pct=0.1,rearm=5,span=20,window=120)",BUY_NOW,down,0.75,medium,8,0.00683476,"{""span"": 20, ""window"": 120, ""pct"": 0.1, ""rearm"": 5, ""_feasible"": true, ""_n_feasible"": 16, ""_score"": 1.1234}","{""dev_pct"": -7.015805215283654, ""pct_rank"": 0.025, ""window"": 120.0, ""span"": 20.0}"
2025-02-26,UZS,ml_localmin,"ml_localmin(fp_cost=3.0,gate_pct=0.2,gate_window=120,h=10,min_pos_rate=0.25,rearm=5,seed=0,tol_bps=10.0)",BUY_NOW,down,0.07354570343880373,medium,8,0.00666903,"{""h"": 10, ""tol_bps"": 10.0, ""gate_window"": 120, ""gate_pct"": 0.2, ""fp_cost"": 3.0, ""min_pos_rate"": 0.25, ""rearm"": 5, ""seed"": 0, ""threshold"": 0.0006, ""_fitted"": true, ""_pos_rate_val"": 0.719}","{""proba"": 0.07354570343880373, ""pct_rank"": 0.008333333333333333, ""window"": 120.0}"
2025-02-27,UZS,dip_vs_trend,"dip_vs_trend(pct=0.1,rearm=5,span=20,window=120)",BUY_NOW,down,0.08333333333333348,medium,8,0.00680878,"{""span"": 20, ""window"": 120, ""pct"": 0.1, ""rearm"": 5, ""_feasible"": true, ""_n_feasible"": 16, ""_score"": 1.1234}","{""dev_pct"": -4.853282206681431, ""pct_rank"": 0.09166666666666666, ""window"": 120.0, ""span"": 20.0}"
2025-02-27,UZS,reversal,"reversal(max_days_since_min=5,rearm=5,rise_bps=50,window=120)",WINDOW_CLOSING,up,1.0,slow,8,0.00680878,"{""window"": 120, ""rise_bps"": 50, ""max_days_since_min"": 5, ""rearm"": 5, ""_feasible"": true, ""_n_feasible"": 13, ""_score"": 1.7915}","{""rise_pct"": 2.0955071427179117, ""min_rate"": 0.00666903, ""days_since_min"": 1.0, ""window"": 120.0}"
2025-02-27,UZS,seasonality,"seasonality(from_day=24,min_share=0.5,min_years=4,rearm=20)",BUY_NOW,down,0.5,slow,8,0.00680878,"{""min_share"": 0.5, ""min_years"": 4, ""from_day"": 24, ""rearm"": 20, ""_feasible"": true, ""_n_feasible"": 4, ""_score"": 1.0047}","{""k_years"": 5.0, ""n_years"": 10.0, ""target_month"": 3.0}"
2025-03-06,UZS,ml_localmin,"ml_localmin(fp_cost=3.0,gate_pct=0.2,gate_window=120,h=10,min_pos_rate=0.25,rearm=5,seed=0,tol_bps=10.0)",BUY_NOW,down,0.0006553411869977122,medium,8,0.0069434,"{""h"": 10, ""tol_bps"": 10.0, ""gate_window"": 120, ""gate_pct"": 0.2, ""fp_cost"": 3.0, ""min_pos_rate"": 0.25, ""rearm"": 5, ""seed"": 0, ""threshold"": 0.0006, ""_fitted"": true, ""_pos_rate_val"": 0.719}","{""proba"": 0.0006553411869977122, ""pct_rank"": 0.08333333333333333, ""window"": 120.0}"
2025-03-11,UZS,level,"level(pct=0.05,rearm=5,stall_days=3,window=60)",BUY_NOW,down,0.33333333333333337,medium,8,0.00668981,"{""window"": 60, ""pct"": 0.05, ""stall_days"": 3, ""rearm"": 5, ""_feasible"": true, ""_n_feasible"": 2, ""_score"": 1.046}","{""pct_rank"": 0.03333333333333333, ""window"": 60.0, ""days_since_min"": 9.0}"
2025-03-13,UZS,ml_localmin,"ml_localmin(fp_cost=3.0,gate_pct=0.2,gate_window=120,h=10,min_pos_rate=0.25,rearm=5,seed=0,tol_bps=10.0)",BUY_NOW,down,0.0036581996005075374,medium,8,0.00670426,"{""h"": 10, ""tol_bps"": 10.0, ""gate_window"": 120, ""gate_pct"": 0.2, ""fp_cost"": 3.0, ""min_pos_rate"": 0.25, ""rearm"": 5, ""seed"": 0, ""threshold"": 0.0006, ""_fitted"": true, ""_pos_rate_val"": 0.719}","{""proba"": 0.0036581996005075374, ""pct_rank"": 0.03333333333333333, ""window"": 120.0}"
2025-03-18,UZS,dip_vs_trend,"dip_vs_trend(pct=0.1,rearm=5,span=20,window=120)",BUY_NOW,down,0.5833333333333334,medium,8,0.00629679,"{""span"": 20, ""window"": 120, ""pct"": 0.1, ""rearm"": 5, ""_feasible"": true, ""_n_feasible"": 16, ""_score"": 1.1234}","{""dev_pct"": -7.058834295592575, ""pct_rank"": 0.041666666666666664, ""window"": 120.0, ""span"": 20.0}"
2025-03-19,UZS,reversal,"reversal(max_days_since_min=5,rearm=5,rise_bps=50,window=120)",WINDOW_CLOSING,up,1.0,slow,8,0.00640467,"{""window"": 120, ""rise_bps"": 50, ""max_days_since_min"": 5, ""rearm"": 5, ""_feasible"": true, ""_n_feasible"": 13, ""_score"": 1.7915}","{""rise_pct"": 1.7132538960327404, ""min_rate"": 0.00629679, ""days_since_min"": 1.0, ""window"": 120.0}"
2025-03-20,UZS,ml_localmin,"ml_localmin(fp_cost=3.0,gate_pct=0.2,gate_window=120,h=10,min_pos_rate=0.25,rearm=5,seed=0,tol_bps=10.0)",BUY_NOW,down,0.0017514893938245942,medium,8,0.00652887,"{""h"": 10, ""tol_bps"": 10.0, ""gate_window"": 120, ""gate_pct"": 0.2, ""fp_cost"": 3.0, ""min_pos_rate"": 0.25, ""rearm"": 5, ""seed"": 0, ""threshold"": 0.0006, ""_fitted"": true, ""_pos_rate_val"": 0.719}","{""proba"": 0.0017514893938245942, ""pct_rank"": 0.03333333333333333, ""window"": 120.0}"
2025-03-24,UZS,level,"level(pct=0.05,rearm=5,stall_days=3,window=60)",BUY_NOW,down,0.0,medium,8,0.00648145,"{""window"": 60, ""pct"": 0.05, ""stall_days"": 3, ""rearm"": 5, ""_feasible"": true, ""_n_feasible"": 2, ""_score"": 1.046}","{""pct_rank"": 0.05, ""window"": 60.0, ""days_since_min"": 4.0}"
2025-03-27,UZS,ml_localmin,"ml_localmin(fp_cost=3.0,gate_pct=0.2,gate_window=120,h=10,min_pos_rate=0.25,rearm=5,seed=0,tol_bps=10.0)",BUY_NOW,down,0.008672577338172071,medium,8,0.00649419,"{""h"": 10, ""tol_bps"": 10.0, ""gate_window"": 120, ""gate_pct"": 0.2, ""fp_cost"": 3.0, ""min_pos_rate"": 0.25, ""rearm"": 5, ""seed"": 0, ""threshold"": 0.0006, ""_fitted"": true, ""_pos_rate_val"": 0.719}","{""proba"": 0.008672577338172071, ""pct_rank"": 0.03333333333333333, ""window"": 120.0}"
2025-04-03,UZS,ml_localmin,"ml_localmin(fp_cost=3.0,gate_pct=0.2,gate_window=120,h=10,min_pos_rate=0.25,rearm=5,seed=0,tol_bps=10.0)",BUY_NOW,down,0.0026121010695063654,medium,8,0.00653372,"{""h"": 10, ""tol_bps"": 10.0, ""gate_window"": 120, ""gate_pct"": 0.2, ""fp_cost"": 3.0, ""min_pos_rate"": 0.25, ""rearm"": 5, ""seed"": 0, ""threshold"": 0.0006, ""_fitted"": true, ""_pos_rate_val"": 0.719}","{""proba"": 0.0026121010695063654, ""pct_rank"": 0.08333333333333333, ""window"": 120.0}"
2025-04-11,UZS,level,"level(pct=0.05,rearm=5,stall_days=3,window=60)",BUY_NOW,down,0.0,medium,8,0.0064776,"{""window"": 60, ""pct"": 0.05, ""stall_days"": 3, ""rearm"": 5, ""_feasible"": true, ""_n_feasible"": 2, ""_score"": 1.046}","{""pct_rank"": 0.05, ""window"": 60.0, ""days_since_min"": 18.0}"
2025-04-11,UZS,ml_localmin,"ml_localmin(fp_cost=3.0,gate_pct=0.2,gate_window=120,h=10,min_pos_rate=0.25,rearm=5,seed=0,tol_bps=10.0)",BUY_NOW,down,0.007161559049797257,medium,8,0.0064776,"{""h"": 10, ""tol_bps"": 10.0, ""gate_window"": 120, ""gate_pct"": 0.2, ""fp_cost"": 3.0, ""min_pos_rate"": 0.25, ""rearm"": 5, ""seed"": 0, ""threshold"": 0.0006, ""_fitted"": true, ""_pos_rate_val"": 0.719}","{""proba"": 0.007161559049797257, ""pct_rank"": 0.025, ""window"": 120.0}"
2025-04-18,UZS,ml_localmin,"ml_localmin(fp_cost=3.0,gate_pct=0.2,gate_window=120,h=10,min_pos_rate=0.25,rearm=5,seed=0,tol_bps=10.0)",BUY_NOW,down,0.29694663704914775,medium,8,0.00625844,"{""h"": 10, ""tol_bps"": 10.0, ""gate_window"": 120, ""gate_pct"": 0.2, ""fp_cost"": 3.0, ""min_pos_rate"": 0.25, ""rearm"": 5, ""seed"": 0, ""threshold"": 0.0006, ""_fitted"": true, ""_pos_rate_val"": 0.719}","{""proba"": 0.29694663704914775, ""pct_rank"": 0.008333333333333333, ""window"": 120.0}"
2025-04-22,UZS,reversal,"reversal(max_days_since_min=5,rearm=5,rise_bps=50,window=120)",WINDOW_CLOSING,up,1.0,slow,8,0.00631017,"{""window"": 120, ""rise_bps"": 50, ""max_days_since_min"": 5, ""rearm"": 5, ""_feasible"": true, ""_n_feasible"": 13, ""_score"": 1.7915}","{""rise_pct"": 1.0927657338400065, ""min_rate"": 0.00624196, ""days_since_min"": 1.0, ""window"": 120.0}"
2025-04-25,UZS,ml_localmin,"ml_localmin(fp_cost=3.0,gate_pct=0.2,gate_window=120,h=10,min_pos_rate=0.25,rearm=5,seed=0,tol_bps=10.0)",BUY_NOW,down,0.001836657682669672,medium,8,0.00639389,"{""h"": 10, ""tol_bps"": 10.0, ""gate_window"": 120, ""gate_pct"": 0.2, ""fp_cost"": 3.0, ""min_pos_rate"": 0.25, ""rearm"": 5, ""seed"": 0, ""threshold"": 0.0006, ""_fitted"": true, ""_pos_rate_val"": 0.719}","{""proba"": 0.001836657682669672, ""pct_rank"": 0.075, ""window"": 120.0}"
2025-05-06,UZS,level,"level(pct=0.05,rearm=5,stall_days=3,window=60)",BUY_NOW,down,0.33333333333333337,medium,8,0.00625787,"{""window"": 60, ""pct"": 0.05, ""stall_days"": 3, ""rearm"": 5, ""_feasible"": true, ""_n_feasible"": 2, ""_score"": 1.046}","{""pct_rank"": 0.03333333333333333, ""window"": 60.0, ""days_since_min"": 9.0}"
2025-05-06,UZS,ml_localmin,"ml_localmin(fp_cost=3.0,gate_pct=0.2,gate_window=120,h=10,min_pos_rate=0.25,rearm=5,seed=0,tol_bps=10.0)",BUY_NOW,down,0.32796509421932407,medium,8,0.00625787,"{""h"": 10, ""tol_bps"": 10.0, ""gate_window"": 120, ""gate_pct"": 0.2, ""fp_cost"": 3.0, ""min_pos_rate"": 0.25, ""rearm"": 5, ""seed"": 0, ""threshold"": 0.0006, ""_fitted"": true, ""_pos_rate_val"": 0.719}","{""proba"": 0.32796509421932407, ""pct_rank"": 0.016666666666666666, ""window"": 120.0}"
2025-05-15,UZS,ml_localmin,"ml_localmin(fp_cost=3.0,gate_pct=0.2,gate_window=120,h=10,min_pos_rate=0.25,rearm=5,seed=0,tol_bps=10.0)",BUY_NOW,down,0.19505004751484803,medium,8,0.0061874,"{""h"": 10, ""tol_bps"": 10.0, ""gate_window"": 120, ""gate_pct"": 0.2, ""fp_cost"": 3.0, ""min_pos_rate"": 0.25, ""rearm"": 5, ""seed"": 0, ""threshold"": 0.0006, ""_fitted"": true, ""_pos_rate_val"": 0.719}","{""proba"": 0.19505004751484803, ""pct_rank"": 0.008333333333333333, ""window"": 120.0}"
2025-05-16,UZS,reversal,"reversal(max_days_since_min=5,rearm=5,rise_bps=50,window=120)",WINDOW_CLOSING,up,0.6820312247470595,slow,8,0.0062296,"{""window"": 120, ""rise_bps"": 50, ""max_days_since_min"": 5, ""rearm"": 5, ""_feasible"": true, ""_n_feasible"": 13, ""_score"": 1.7915}","{""rise_pct"": 0.6820312247470595, ""min_rate"": 0.0061874, ""days_since_min"": 1.0, ""window"": 120.0}"
2025-05-22,UZS,ml_localmin,"ml_localmin(fp_cost=3.0,gate_pct=0.2,gate_window=120,h=10,min_pos_rate=0.25,rearm=5,seed=0,tol_bps=10.0)",BUY_NOW,down,0.11697197404894341,medium,8,0.00616294,"{""h"": 10, ""tol_bps"": 10.0, ""gate_window"": 120, ""gate_pct"": 0.2, ""fp_cost"": 3.0, ""min_pos_rate"": 0.25, ""rearm"": 5, ""seed"": 0, ""threshold"": 0.0006, ""_fitted"": true, ""_pos_rate_val"": 0.719}","{""proba"": 0.11697197404894341, ""pct_rank"": 0.008333333333333333, ""window"": 120.0}"
2025-05-29,UZS,ml_localmin,"ml_localmin(fp_cost=3.0,gate_pct=0.2,gate_window=120,h=10,min_pos_rate=0.25,rearm=5,seed=0,tol_bps=10.0)",BUY_NOW,down,0.1843535903249695,medium,8,0.0061177,"{""h"": 10, ""tol_bps"": 10.0, ""gate_window"": 120, ""gate_pct"": 0.2, ""fp_cost"": 3.0, ""min_pos_rate"": 0.25, ""rearm"": 5, ""seed"": 0, ""threshold"": 0.0006, ""_fitted"": true, ""_pos_rate_val"": 0.719}","{""proba"": 0.1843535903249695, ""pct_rank"": 0.008333333333333333, ""window"": 120.0}"
2025-05-30,UZS,reversal,"reversal(max_days_since_min=5,rearm=5,rise_bps=50,window=120)",WINDOW_CLOSING,up,0.6461578697876559,slow,8,0.00615723,"{""window"": 120, ""rise_bps"": 50, ""max_days_since_min"": 5, ""rearm"": 5, ""_feasible"": true, ""_n_feasible"": 13, ""_score"": 1.7915}","{""rise_pct"": 0.6461578697876559, ""min_rate"": 0.0061177, ""days_since_min"": 1.0, ""window"": 120.0}"
2025-06-03,UZS,level,"level(pct=0.05,rearm=5,stall_days=3,window=60)",BUY_NOW,down,0.33333333333333337,medium,8,0.00614393,"{""window"": 60, ""pct"": 0.05, ""stall_days"": 3, ""rearm"": 5, ""_feasible"": true, ""_n_feasible"": 2, ""_score"": 1.046}","{""pct_rank"": 0.03333333333333333, ""window"": 60.0, ""days_since_min"": 3.0}"
2025-06-06,UZS,ml_localmin,"ml_localmin(fp_cost=3.0,gate_pct=0.2,gate_window=120,h=10,min_pos_rate=0.25,rearm=5,seed=0,tol_bps=10.0)",BUY_NOW,down,0.0008235892094395162,medium,8,0.00616985,"{""h"": 10, ""tol_bps"": 10.0, ""gate_window"": 120, ""gate_pct"": 0.2, ""fp_cost"": 3.0, ""min_pos_rate"": 0.25, ""rearm"": 5, ""seed"": 0, ""threshold"": 0.0006, ""_fitted"": true, ""_pos_rate_val"": 0.719}","{""proba"": 0.0008235892094395162, ""pct_rank"": 0.075, ""window"": 120.0}"
2025-06-06,UZS,reversal,"reversal(max_days_since_min=5,rearm=5,rise_bps=50,window=120)",WINDOW_CLOSING,up,1.0,slow,8,0.00616985,"{""window"": 120, ""rise_bps"": 50, ""max_days_since_min"": 5, ""rearm"": 5, ""_feasible"": true, ""_n_feasible"": 13, ""_score"": 1.7915}","{""rise_pct"": 1.0514850998665226, ""min_rate"": 0.00610565, ""days_since_min"": 2.0, ""window"": 120.0}"
2025-06-24,UZS,seasonality,"seasonality(from_day=24,min_share=0.5,min_years=4,rearm=20)",BUY_NOW,down,0.6,slow,8,0.00631611,"{""min_share"": 0.5, ""min_years"": 4, ""from_day"": 24, ""rearm"": 20, ""_feasible"": true, ""_n_feasible"": 4, ""_score"": 1.0047}","{""k_years"": 6.0, ""n_years"": 10.0, ""target_month"": 7.0}"
2025-06-30,UZS,ml_localmin,"ml_localmin(fp_cost=3.0,gate_pct=0.2,gate_window=120,h=10,min_pos_rate=0.25,rearm=5,seed=0,tol_bps=10.0)",BUY_NOW,down,0.003314129753562428,medium,8,0.00620575,"{""h"": 10, ""tol_bps"": 10.0, ""gate_window"": 120, ""gate_pct"": 0.2, ""fp_cost"": 3.0, ""min_pos_rate"": 0.25, ""rearm"": 5, ""seed"": 0, ""threshold"": 0.0006, ""_fitted"": true, ""_pos_rate_val"": 0.719}","{""proba"": 0.003314129753562428, ""pct_rank"": 0.16666666666666666, ""window"": 120.0}"
2025-07-01,UZS,ml_localmin,"ml_localmin(fp_cost=3.0,gate_pct=0.2,gate_window=120,h=10,min_pos_rate=0.25,rearm=5,seed=0,tol_bps=10.0)",BUY_NOW,down,0.0470060097649093,medium,9,0.0061771,"{""h"": 10, ""tol_bps"": 10.0, ""gate_window"": 120, ""gate_pct"": 0.2, ""fp_cost"": 3.0, ""min_pos_rate"": 0.25, ""rearm"": 5, ""seed"": 0, ""threshold"": 0.0344, ""_fitted"": true, ""_pos_rate_val"": 0.263}","{""proba"": 0.0470060097649093, ""pct_rank"": 0.10833333333333334, ""window"": 120.0}"
2025-07-08,UZS,ml_localmin,"ml_localmin(fp_cost=3.0,gate_pct=0.2,gate_window=120,h=10,min_pos_rate=0.25,rearm=5,seed=0,tol_bps=10.0)",BUY_NOW,down,0.04295372024443722,medium,9,0.00616627,"{""h"": 10, ""tol_bps"": 10.0, ""gate_window"": 120, ""gate_pct"": 0.2, ""fp_cost"": 3.0, ""min_pos_rate"": 0.25, ""rearm"": 5, ""seed"": 0, ""threshold"": 0.0344, ""_fitted"": true, ""_pos_rate_val"": 0.263}","{""proba"": 0.04295372024443722, ""pct_rank"": 0.06666666666666667, ""window"": 120.0}"
2025-07-15,UZS,level,"level(pct=0.05,rearm=5,stall_days=3,window=60)",BUY_NOW,down,0.0,medium,9,0.00613887,"{""window"": 60, ""pct"": 0.05, ""stall_days"": 3, ""rearm"": 5, ""_feasible"": true, ""_n_feasible"": 1, ""_score"": 1.2667}","{""pct_rank"": 0.05, ""window"": 60.0, ""days_since_min"": 27.0}"
2025-07-16,UZS,ml_localmin,"ml_localmin(fp_cost=3.0,gate_pct=0.2,gate_window=120,h=10,min_pos_rate=0.25,rearm=5,seed=0,tol_bps=10.0)",BUY_NOW,down,0.048945246411651426,medium,9,0.00610094,"{""h"": 10, ""tol_bps"": 10.0, ""gate_window"": 120, ""gate_pct"": 0.2, ""fp_cost"": 3.0, ""min_pos_rate"": 0.25, ""rearm"": 5, ""seed"": 0, ""threshold"": 0.0344, ""_fitted"": true, ""_pos_rate_val"": 0.263}","{""proba"": 0.048945246411651426, ""pct_rank"": 0.008333333333333333, ""window"": 120.0}"
2025-07-18,UZS,reversal,"reversal(max_days_since_min=5,rearm=5,rise_bps=50,window=120)",WINDOW_CLOSING,up,1.0,slow,9,0.00618674,"{""window"": 120, ""rise_bps"": 50, ""max_days_since_min"": 5, ""rearm"": 5, ""_feasible"": true, ""_n_feasible"": 11, ""_score"": 1.7915}","{""rise_pct"": 1.4063406622585983, ""min_rate"": 0.00610094, ""days_since_min"": 2.0, ""window"": 120.0}"
2025-07-24,UZS,seasonality,"seasonality(from_day=24,min_share=0.5,min_years=4,rearm=20)",BUY_NOW,down,0.7,slow,9,0.00617921,"{""min_share"": 0.5, ""min_years"": 4, ""from_day"": 24, ""rearm"": 20, ""_feasible"": true, ""_n_feasible"": 4, ""_score"": 1.0292}","{""k_years"": 7.0, ""n_years"": 10.0, ""target_month"": 8.0}"
2025-10-14,UZS,momentum,"momentum(n=6,rearm=3)",BUY_NOW,down,0.5,fast,9,0.00658122,"{""n"": 6, ""rearm"": 3, ""_feasible"": true, ""_n_feasible"": 4, ""_score"": 1.0329}","{""streak"": 6.0, ""drop_pct"": -4.370253909485355}"
2025-10-24,UZS,seasonality,"seasonality(from_day=24,min_share=0.5,min_years=4,rearm=20)",BUY_NOW,down,0.5,slow,9,0.00667566,"{""min_share"": 0.5, ""min_years"": 4, ""from_day"": 24, ""rearm"": 20, ""_feasible"": true, ""_n_feasible"": 4, ""_score"": 1.0292}","{""k_years"": 5.0, ""n_years"": 10.0, ""target_month"": 11.0}"
2025-11-24,UZS,seasonality,"seasonality(from_day=24,min_share=0.5,min_years=4,rearm=20)",BUY_NOW,down,0.6,slow,9,0.0065924,"{""min_share"": 0.5, ""min_years"": 4, ""from_day"": 24, ""rearm"": 20, ""_feasible"": true, ""_n_feasible"": 4, ""_score"": 1.0292}","{""k_years"": 6.0, ""n_years"": 10.0, ""target_month"": 12.0}"
2025-12-01,UZS,level,"level(pct=0.05,rearm=5,stall_days=3,window=60)",BUY_NOW,down,0.0,medium,9,0.00650725,"{""window"": 60, ""pct"": 0.05, ""stall_days"": 3, ""rearm"": 5, ""_feasible"": true, ""_n_feasible"": 1, ""_score"": 1.2667}","{""pct_rank"": 0.05, ""window"": 60.0, ""days_since_min"": 31.0}"
2025-12-25,UZS,level,"level(pct=0.05,rearm=5,stall_days=3,window=60)",BUY_NOW,down,0.0,medium,9,0.0064482,"{""window"": 60, ""pct"": 0.05, ""stall_days"": 3, ""rearm"": 5, ""_feasible"": true, ""_n_feasible"": 1, ""_score"": 1.2667}","{""pct_rank"": 0.05, ""window"": 60.0, ""days_since_min"": 14.0}"
2025-12-29,UZS,momentum,"momentum(n=6,rearm=3)",BUY_NOW,down,0.5,fast,9,0.00644029,"{""n"": 6, ""rearm"": 3, ""_feasible"": true, ""_n_feasible"": 4, ""_score"": 1.0329}","{""streak"": 6.0, ""drop_pct"": -4.290533511665917}"
2026-01-21,UZS,level,"level(pct=0.05,rearm=5,stall_days=3,window=60)",BUY_NOW,down,0.33333333333333337,medium,10,0.00639461,"{""window"": 60, ""pct"": 0.05, ""stall_days"": 3, ""rearm"": 5, ""_feasible"": true, ""_n_feasible"": 1, ""_score"": 0.8438}","{""pct_rank"": 0.03333333333333333, ""window"": 60.0, ""days_since_min"": 25.0}"
2026-01-21,UZS,ml_localmin,"ml_localmin(fp_cost=3.0,gate_pct=0.2,gate_window=120,h=10,min_pos_rate=0.25,rearm=5,seed=0,tol_bps=10.0)",BUY_NOW,down,0.1289490342509274,medium,10,0.00639461,"{""h"": 10, ""tol_bps"": 10.0, ""gate_window"": 120, ""gate_pct"": 0.2, ""fp_cost"": 3.0, ""min_pos_rate"": 0.25, ""rearm"": 5, ""seed"": 0, ""threshold"": 0.0406, ""_fitted"": true, ""_pos_rate_val"": 0.261}","{""proba"": 0.1289490342509274, ""pct_rank"": 0.125, ""window"": 120.0}"
2026-01-22,UZS,dip_vs_trend,"dip_vs_trend(pct=0.05,rearm=5,span=20,window=120)",BUY_NOW,down,0.33333333333333337,medium,10,0.00626503,"{""span"": 20, ""window"": 120, ""pct"": 0.05, ""rearm"": 5, ""_feasible"": true, ""_n_feasible"": 14, ""_score"": 1.0288}","{""dev_pct"": -3.8526584727731628, ""pct_rank"": 0.03333333333333333, ""window"": 120.0, ""span"": 20.0}"
2026-01-28,UZS,level,"level(pct=0.05,rearm=5,stall_days=3,window=60)",BUY_NOW,down,0.33333333333333337,medium,10,0.00626726,"{""window"": 60, ""pct"": 0.05, ""stall_days"": 3, ""rearm"": 5, ""_feasible"": true, ""_n_feasible"": 1, ""_score"": 0.8438}","{""pct_rank"": 0.03333333333333333, ""window"": 60.0, ""days_since_min"": 4.0}"
2026-01-28,UZS,ml_localmin,"ml_localmin(fp_cost=3.0,gate_pct=0.2,gate_window=120,h=10,min_pos_rate=0.25,rearm=5,seed=0,tol_bps=10.0)",BUY_NOW,down,0.22800212792715058,medium,10,0.00626726,"{""h"": 10, ""tol_bps"": 10.0, ""gate_window"": 120, ""gate_pct"": 0.2, ""fp_cost"": 3.0, ""min_pos_rate"": 0.25, ""rearm"": 5, ""seed"": 0, ""threshold"": 0.0406, ""_fitted"": true, ""_pos_rate_val"": 0.261}","{""proba"": 0.22800212792715058, ""pct_rank"": 0.025, ""window"": 120.0}"
2026-01-30,UZS,dip_vs_trend,"dip_vs_trend(pct=0.05,rearm=5,span=20,window=120)",BUY_NOW,down,0.0,medium,10,0.00619482,"{""span"": 20, ""window"": 120, ""pct"": 0.05, ""rearm"": 5, ""_feasible"": true, ""_n_feasible"": 14, ""_score"": 1.0288}","{""dev_pct"": -3.3177791909000276, ""pct_rank"": 0.05, ""window"": 120.0, ""span"": 20.0}"
2026-02-02,UZS,reversal,"reversal(max_days_since_min=5,rearm=5,rise_bps=50,window=120)",WINDOW_CLOSING,up,1.0,slow,10,0.00629156,"{""window"": 120, ""rise_bps"": 50, ""max_days_since_min"": 5, ""rearm"": 5, ""_feasible"": true, ""_n_feasible"": 11, ""_score"": 1.6304}","{""rise_pct"": 1.5616272950626398, ""min_rate"": 0.00619482, ""days_since_min"": 1.0, ""window"": 120.0}"
2026-02-05,UZS,level,"level(pct=0.05,rearm=5,stall_days=3,window=60)",BUY_NOW,down,0.0,medium,10,0.00623416,"{""window"": 60, ""pct"": 0.05, ""stall_days"": 3, ""rearm"": 5, ""_feasible"": true, ""_n_feasible"": 1, ""_score"": 0.8438}","{""pct_rank"": 0.05, ""window"": 60.0, ""days_since_min"": 4.0}"
2026-04-08,UZS,dip_vs_trend,"dip_vs_trend(pct=0.05,rearm=5,span=20,window=120)",BUY_NOW,down,0.16666666666666674,medium,10,0.00640338,"{""span"": 20, ""window"": 120, ""pct"": 0.05, ""rearm"": 5, ""_feasible"": true, ""_n_feasible"": 14, ""_score"": 1.0288}","{""dev_pct"": -3.8189843418848235, ""pct_rank"": 0.041666666666666664, ""window"": 120.0, ""span"": 20.0}"
2026-04-09,UZS,momentum,"momentum(n=6,rearm=3)",BUY_NOW,down,0.5,fast,10,0.00638095,"{""n"": 6, ""rearm"": 3, ""_feasible"": true, ""_n_feasible"": 4, ""_score"": 1.0329}","{""streak"": 6.0, ""drop_pct"": -4.233509379366451}"
2026-04-13,UZS,ml_localmin,"ml_localmin(fp_cost=3.0,gate_pct=0.2,gate_window=120,h=10,min_pos_rate=0.25,rearm=5,seed=0,tol_bps=10.0)",BUY_NOW,down,0.22391577963374604,medium,10,0.006288,"{""h"": 10, ""tol_bps"": 10.0, ""gate_window"": 120, ""gate_pct"": 0.2, ""fp_cost"": 3.0, ""min_pos_rate"": 0.25, ""rearm"": 5, ""seed"": 0, ""threshold"": 0.0406, ""_fitted"": true, ""_pos_rate_val"": 0.261}","{""proba"": 0.22391577963374604, ""pct_rank"": 0.14166666666666666, ""window"": 120.0}"
2026-04-14,UZS,momentum,"momentum(n=6,rearm=3)",BUY_NOW,down,0.75,fast,10,0.00624749,"{""n"": 6, ""rearm"": 3, ""_feasible"": true, ""_n_feasible"": 4, ""_score"": 1.0329}","{""streak"": 9.0, ""drop_pct"": -6.236502011847477}"
2026-04-15,UZS,dip_vs_trend,"dip_vs_trend(pct=0.05,rearm=5,span=20,window=120)",BUY_NOW,down,0.8333333333333334,medium,10,0.00617161,"{""span"": 20, ""window"": 120, ""pct"": 0.05, ""rearm"": 5, ""_feasible"": true, ""_n_feasible"": 14, ""_score"": 1.0288}","{""dev_pct"": -5.860256644635009, ""pct_rank"": 0.008333333333333333, ""window"": 120.0, ""span"": 20.0}"
2026-04-16,UZS,reversal,"reversal(max_days_since_min=5,rearm=5,rise_bps=50,window=120)",WINDOW_CLOSING,up,1.0,slow,10,0.00625439,"{""window"": 120, ""rise_bps"": 50, ""max_days_since_min"": 5, ""rearm"": 5, ""_feasible"": true, ""_n_feasible"": 11, ""_score"": 1.6304}","{""rise_pct"": 1.341303160763574, ""min_rate"": 0.00617161, ""days_since_min"": 1.0, ""window"": 120.0}"
2026-04-20,UZS,level,"level(pct=0.05,rearm=5,stall_days=3,window=60)",BUY_NOW,down,0.0,medium,10,0.00621931,"{""window"": 60, ""pct"": 0.05, ""stall_days"": 3, ""rearm"": 5, ""_feasible"": true, ""_n_feasible"": 1, ""_score"": 0.8438}","{""pct_rank"": 0.05, ""window"": 60.0, ""days_since_min"": 3.0}"
2026-04-20,UZS,ml_localmin,"ml_localmin(fp_cost=3.0,gate_pct=0.2,gate_window=120,h=10,min_pos_rate=0.25,rearm=5,seed=0,tol_bps=10.0)",BUY_NOW,down,0.12350267981144242,medium,10,0.00621931,"{""h"": 10, ""tol_bps"": 10.0, ""gate_window"": 120, ""gate_pct"": 0.2, ""fp_cost"": 3.0, ""min_pos_rate"": 0.25, ""rearm"": 5, ""seed"": 0, ""threshold"": 0.0406, ""_fitted"": true, ""_pos_rate_val"": 0.261}","{""proba"": 0.12350267981144242, ""pct_rank"": 0.025, ""window"": 120.0}"
2026-05-07,UZS,ml_localmin,"ml_localmin(fp_cost=3.0,gate_pct=0.2,gate_window=120,h=10,min_pos_rate=0.25,rearm=5,seed=0,tol_bps=10.0)",BUY_NOW,down,0.23706470855716602,medium,10,0.0061594,"{""h"": 10, ""tol_bps"": 10.0, ""gate_window"": 120, ""gate_pct"": 0.2, ""fp_cost"": 3.0, ""min_pos_rate"": 0.25, ""rearm"": 5, ""seed"": 0, ""threshold"": 0.0406, ""_fitted"": true, ""_pos_rate_val"": 0.261}","{""proba"": 0.23706470855716602, ""pct_rank"": 0.008333333333333333, ""window"": 120.0}"
2026-05-13,UZS,momentum,"momentum(n=6,rearm=3)",BUY_NOW,down,0.5,fast,10,0.00607467,"{""n"": 6, ""rearm"": 3, ""_feasible"": true, ""_n_feasible"": 4, ""_score"": 1.0329}","{""streak"": 6.0, ""drop_pct"": -3.4227562655406385}"
2026-05-14,UZS,reversal,"reversal(max_days_since_min=5,rearm=5,rise_bps=50,window=120)",WINDOW_CLOSING,up,0.5391239359504363,slow,10,0.00610742,"{""window"": 120, ""rise_bps"": 50, ""max_days_since_min"": 5, ""rearm"": 5, ""_feasible"": true, ""_n_feasible"": 11, ""_score"": 1.6304}","{""rise_pct"": 0.5391239359504363, ""min_rate"": 0.00607467, ""days_since_min"": 1.0, ""window"": 120.0}"
2026-05-15,UZS,ml_localmin,"ml_localmin(fp_cost=3.0,gate_pct=0.2,gate_window=120,h=10,min_pos_rate=0.25,rearm=5,seed=0,tol_bps=10.0)",BUY_NOW,down,0.06140431257483181,medium,10,0.00610092,"{""h"": 10, ""tol_bps"": 10.0, ""gate_window"": 120, ""gate_pct"": 0.2, ""fp_cost"": 3.0, ""min_pos_rate"": 0.25, ""rearm"": 5, ""seed"": 0, ""threshold"": 0.0406, ""_fitted"": true, ""_pos_rate_val"": 0.261}","{""proba"": 0.06140431257483181, ""pct_rank"": 0.025, ""window"": 120.0}"
2026-05-19,UZS,dip_vs_trend,"dip_vs_trend(pct=0.05,rearm=5,span=20,window=120)",BUY_NOW,down,0.0,medium,10,0.00591355,"{""span"": 20, ""window"": 120, ""pct"": 0.05, ""rearm"": 5, ""_feasible"": true, ""_n_feasible"": 14, ""_score"": 1.0288}","{""dev_pct"": -4.169681510908941, ""pct_rank"": 0.05, ""window"": 120.0, ""span"": 20.0}"
2026-05-22,UZS,reversal,"reversal(max_days_since_min=5,rearm=5,rise_bps=50,window=120)",WINDOW_CLOSING,up,1.0,slow,10,0.00594417,"{""window"": 120, ""rise_bps"": 50, ""max_days_since_min"": 5, ""rearm"": 5, ""_feasible"": true, ""_n_feasible"": 11, ""_score"": 1.6304}","{""rise_pct"": 1.1725398619299998, ""min_rate"": 0.00587528, ""days_since_min"": 2.0, ""window"": 120.0}"
2026-05-27,UZS,level,"level(pct=0.05,rearm=5,stall_days=3,window=60)",BUY_NOW,down,0.0,medium,10,0.00590748,"{""window"": 60, ""pct"": 0.05, ""stall_days"": 3, ""rearm"": 5, ""_feasible"": true, ""_n_feasible"": 1, ""_score"": 0.8438}","{""pct_rank"": 0.05, ""window"": 60.0, ""days_since_min"": 5.0}"
2026-06-24,UZS,seasonality,"seasonality(from_day=24,min_share=0.5,min_years=4,rearm=20)",BUY_NOW,down,0.6363636363636364,slow,10,0.00621851,"{""min_share"": 0.5, ""min_years"": 4, ""from_day"": 24, ""rearm"": 20, ""_feasible"": true, ""_n_feasible"": 4, ""_score"": 1.0047}","{""k_years"": 7.0, ""n_years"": 11.0, ""target_month"": 7.0}"
